Time	ax	ay	az	gx\gy\gz
0.015	-1.0011181640625	9.90819580078125	0.9148974609375	0.4425048828125	4.87518310546875	2.9449462890625
0.024	-0.9005273437500001	9.76449462890625	0.9244775390625001	1.861572265625	1.50299072265625	0.946044921875
0.034	-0.9196875	9.807604980468751	0.97477294921875	2.54058837890625	-1.71661376953125	-0.1068115234375
0.045	-0.8430468750000001	9.781259765625	1.08494384765625	2.28118896484375	-4.241943359375	0.1373291015625
0.055	-0.75922119140625	9.74533447265625	1.0202783203125	2.46429443359375	-5.53131103515625	1.2359619140625
0.065	-0.83586181640625	9.709409179687501	0.9867480468750001	3.31878662109375	-5.31005859375	2.08282470703125
0.074	-0.87418212890625	9.740544433593751	1.04183349609375	3.5247802734375	-3.6773681640625	0.89263916015625
0.084	-0.8669970703125001	9.642348632812501	1.0154882812500001	4.08172607421875	-1.129150390625	-0.75531005859375
0.095	-0.775986328125	9.74533447265625	1.13763427734375	3.56292724609375	1.59454345703125	-1.3427734375
0.105	-0.7879614257812501	9.8483203125	1.06578369140625	2.14385986328125	4.0130615234375	-0.701904296875
0.114	-0.7520361328125	10.001601562500001	1.09452392578125	0.213623046875	6.26373291015625	0.52642822265625
0.124	-0.81670166015625	10.001601562500001	0.91250244140625	1.2969970703125	7.537841796875	1.60980224609375
0.135	-0.9029223632812501	9.941726074218751	0.9580078125	4.35638427734375	7.02667236328125	1.739501953125
0.145	-0.98914306640625	9.877060546875	0.9867480468750001	6.5765380859375	4.52423095703125	0.45013427734375
0.155	-1.01309326171875	9.8052099609375	1.1352392578125001	6.744384765625	0.396728515625	-1.47247314453125
0.165	-0.89813232421875	9.66869384765625	1.1136840820312501	4.73785400390625	-4.5013427734375	-1.8157958984375
0.177	-0.8669970703125001	9.5417578125	1.14242431640625	1.96075439453125	-8.9263916015625	-0.99945068359375
0.187	-0.85502197265625	9.5944482421875	1.08015380859375	-0.64849853515625	-10.2386474609375	-0.61798095703125
0.198	-0.8095166015625	9.7189892578125	0.996328125	-2.2430419921875	-7.7362060546875	-1.47247314453125
0.209	-0.7280859375000001	9.65911376953125	0.9651928710937501	-0.7781982421875	-1.83868408203125	-2.34222412109375
0.22	-0.7232958984375001	9.673483886718751	0.9819580078125001	1.38092041015625	4.28009033203125	-1.62506103515625
0.23	-0.7424560546875001	9.7668896484375	1.20469482421875	1.25885009765625	7.720947265625	-0.0457763671875
0.24	-0.8574169921875	9.72138427734375	1.16637451171875	-1.4190673828125	8.17108154296875	1.1749267578125
0.25	-0.9053173828125001	9.740544433593751	1.0585986328125	-3.448486328125	5.18798828125	1.2359619140625
0.261	-1.0011181640625	9.81	1.0106982421875002	-3.41033935546875	1.19781494140625	0.030517578125
0.272	-0.9532177734375	9.8483203125	0.98914306640625	-1.89971923828125	-2.34222412109375	-2.17437744140625
0.282	-0.93645263671875	9.860295410156251	1.0753637695312501	-0.30517578125	-4.40216064453125	-3.82232666015625
0.292	-0.8047265625000001	9.8339501953125	0.99872314453125	0.32806396484375	-4.67681884765625	-3.9520263671875
0.304	-0.70174072265625	9.836345214843751	1.0370434570312501	-0.18310546875	-3.10516357421875	-2.55584716796875
0.314	-0.7280859375000001	9.79083984375	0.93645263671875	-0.86212158203125	-0.5645751953125	-1.16729736328125
0.324	-0.8238867187500001	9.75970458984375	1.02267333984375	-0.41961669921875	2.03704833984375	-1.07574462890625
0.334	-0.86939208984375	9.80281494140625	0.9627978515625001	0.05340576171875	3.88336181640625	-1.93023681640625
0.345	-0.8454418945312501	9.867480468750001	1.09931396484375	0.26702880859375	4.852294921875	-3.36456298828125
0.355	-0.7472460937500001	9.84113525390625	1.08973388671875	-0.03814697265625	4.61578369140625	-3.13568115234375
0.365	-0.7472460937500001	9.90340576171875	0.9651928710937501	-1.24359130859375	3.30352783203125	-1.57928466796875
0.375	-0.8646020507812501	9.920170898437501	1.1256591796875	-2.6397705078125	1.01470947265625	0.79345703125
0.387	-0.852626953125	9.941726074218751	1.044228515625	-2.83050537109375	-1.40380859375	0.885009765625
0.397	-0.9340576171875	9.97525634765625	0.9532177734375	-1.64031982421875	-2.64739990234375	-0.7171630859375
0.407	-0.86939208984375	10.09740234375	0.9604028320312501	-0.19073486328125	-2.79998779296875	-3.326416015625
0.418	-0.7879614257812501	10.0447119140625	0.9651928710937501	0.5950927734375	-1.03759765625	-4.45556640625
0.429	-0.65863037109375	9.92256591796875	0.8957373046875	2.349853515625	0.77056884765625	-2.79998779296875
0.439	-0.6634204101562501	9.84592529296875	1.0202783203125	3.1585693359375	2.35748291015625	-0.09918212890625
0.449	-0.775986328125	9.66869384765625	1.04183349609375	3.2806396484375	2.43377685546875	1.21307373046875
0.458	-0.8669970703125001	9.52499267578125	1.06578369140625	2.593994140625	0.49591064453125	1.2664794921875
0.47	-0.95082275390625	9.50583251953125	0.9819580078125001	1.25885009765625	-1.94549560546875	-0.83160400390625
0.48	-0.93645263671875	9.627978515625001	1.044228515625	-1.38092041015625	-3.2958984375	-3.41796875
0.491	-0.74006103515625	9.7860498046875	1.0322534179687501	-3.509521484375	-2.1820068359375	-4.14276123046875
0.501	-0.57719970703125	9.89861572265625	0.95561279296875	-3.11279296875	2.1209716796875	-2.0751953125
0.51	-0.65384033203125	9.9680712890625	0.9340576171875	0.06866455078125	6.744384765625	0.9765625
0.522	-0.7448510742187501	9.889035644531251	0.871787109375	2.8839111328125	8.90350341796875	3.25775146484375
0.532	-0.8669970703125001	9.821975097656251	1.1352392578125001	3.05938720703125	7.16400146484375	3.8604736328125
0.541	-0.9532177734375	9.704619140625	1.0681787109375	0.732421875	2.5177001953125	2.685546875
0.552	-0.9436376953125001	9.64474365234375	0.996328125	-1.39617919921875	-3.34930419921875	1.48773193359375
0.563	-0.91250244140625	9.6327685546875	0.9723779296875	-2.49481201171875	-8.33892822265625	1.0223388671875
0.574	-0.795146484375	9.73096435546875	0.9148974609375	-3.25775146484375	-10.101318359375	1.190185546875
0.585	-0.6753955078125	9.7716796875	0.99872314453125	-2.99072265625	-8.2855224609375	2.23541259765625
0.595	-0.6466552734375001	9.79802490234375	0.9412426757812501	-1.2969970703125	-4.4403076171875	3.8299560546875
0.606	-0.69695068359375	9.889035644531251	1.01788330078125	-0.8544921875	-0.69427490234375	5.08880615234375
0.616	-0.8478369140625001	9.889035644531251	0.910107421875	-0.66375732421875	2.00653076171875	4.4403076171875
0.626	-0.85502197265625	9.776469726562501	0.814306640625	0.640869140625	3.72314453125	2.8533935546875
0.636	-0.86939208984375	9.6902490234375	0.8574169921875	3.13568115234375	4.49371337890625	1.12152099609375
0.646	-0.8765771484375	9.71180419921875	1.005908203125	3.83758544921875	4.4097900390625	0.244140625
0.656	-0.77838134765625	9.793234863281251	1.0753637695312501	1.953125	2.98309326171875	1.28173828125
0.666	-0.7137158203125	9.680668945312501	1.1879296875	-0.9307861328125	0.17547607421875	4.241943359375
0.676	-0.81670166015625	9.74533447265625	1.120869140625	-2.87628173828125	-2.99835205078125	6.65283203125
0.688	-0.9029223632812501	9.81	0.95082275390625	-4.2572021484375	-5.035400390625	6.03485107421875
0.698	-0.9604028320312501	9.920170898437501	0.9580078125	-2.9449462890625	-5.2337646484375	3.0364990234375
0.708	-0.9029223632812501	9.96088623046875	0.8837622070312501	-0.1068115234375	-3.12042236328125	0.23651123046875
0.718	-0.7280859375000001	9.972861328125001	0.9412426757812501	1.8463134765625	-0.457763671875	0.1983642578125
0.729	-0.65384033203125	9.82676513671875	0.93884765625	2.31170654296875	1.7547607421875	2.197265625
0.739	-0.814306640625	9.78844482421875	0.9675878906250001	1.41143798828125	3.05938720703125	4.3182373046875
0.748	-0.8454418945312501	9.776469726562501	1.063388671875	0.55694580078125	2.5787353515625	4.72259521484375
0.758	-0.9723779296875	9.74533447265625	0.97716796875	0.25177001953125	0.98419189453125	3.30352783203125
0.769	-0.9819580078125001	9.733359375000001	1.00830322265625	-0.63323974609375	-1.41143798828125	0.92315673828125
0.78	-0.8454418945312501	9.807604980468751	1.005908203125	-1.67083740234375	-3.173828125	-0.640869140625
0.79	-0.7664062500000001	9.972861328125001	1.01309326171875	-2.1209716796875	-2.96783447265625	-1.0986328125
0.8	-0.7041357421875001	10.02076171875	0.8669970703125001	-1.15966796875	-0.46539306640625	-0.11444091796875
0.811	-0.71132080078125	10.015971679687501	0.8574169921875	0.91552734375	2.8228759765625	0.4119873046875
0.821	-0.814306640625	9.994416503906251	0.93645263671875	2.99072265625	5.4779052734375	-0.02288818359375
0.831	-0.8286767578125	9.90340576171875	0.91250244140625	4.302978515625	6.62994384765625	-1.4190673828125
0.841	-0.8813671875000001	9.8052099609375	1.0538085937500001	4.38690185546875	6.00433349609375	-2.37274169921875
0.851	-0.756826171875	9.74533447265625	1.1256591796875	2.99072265625	4.00543212890625	-2.471923828125
0.862	-0.75922119140625	9.76449462890625	1.0921289062500001	1.0833740234375	0.8697509765625	-1.007080078125
0.872	-0.7520361328125	9.75251953125	1.082548828125	-0.26702880859375	-2.06756591796875	0.9613037109375
0.883	-0.8813671875000001	9.874665527343751	1.0490185546875002	-0.7476806640625	-3.875732421875	1.12152099609375
0.893	-0.86939208984375	9.77886474609375	0.8669970703125001	0.89263916015625	-3.6468505859375	-0.3662109375
0.904	-0.85981201171875	9.7668896484375	0.9196875	3.4637451171875	-2.3651123046875	-2.7923583984375
0.914	-0.8238867187500001	9.83155517578125	1.082548828125	3.753662109375	0.98419189453125	-5.0506591796875
0.924	-0.62989013671875	9.793234863281251	1.0969189453125001	1.9073486328125	4.67681884765625	-4.82940673828125
0.934	-0.6083349609375001	9.8052099609375	0.9412426757812501	0.55694580078125	7.537841796875	-2.26593017578125
0.945	-0.7520361328125	9.821975097656251	1.1088940429687502	0.3662109375	8.09478759765625	0.41961669921875
0.955	-0.8669970703125001	9.81239501953125	1.0154882812500001	0.4425048828125	6.90460205078125	1.434326171875
0.964	-0.97477294921875	9.77407470703125	1.025068359375	0.26702880859375	3.173828125	0.12969970703125
0.975	-0.95561279296875	9.85071533203125	1.1352392578125001	-1.495361328125	-1.06048583984375	-2.288818359375
0.986	-0.79754150390625	9.821975097656251	1.0346484375	-3.39508056640625	-4.64630126953125	-4.5318603515625
0.997	-0.69695068359375	9.912985839843751	0.9268725585937501	-2.1209716796875	-4.82940673828125	-4.6844482421875
1.007	-0.6059399414062501	9.874665527343751	0.8837622070312501	1.30462646484375	-2.1209716796875	-2.9144287109375
1.018	-0.7065307617187501	9.79083984375	0.98914306640625	2.7618408203125	1.38092041015625	-1.71661376953125
1.029	-0.7640112304687501	9.77886474609375	1.2166699218750001	1.48773193359375	3.60107421875	-0.8697509765625
1.04	-0.8071215820312501	9.7285693359375	1.082548828125	-2.3193359375	3.448486328125	-0.79345703125
1.051	-0.8238867187500001	9.821975097656251	1.0873388671875	-5.47027587890625	2.5787353515625	-1.06048583984375
1.061	-0.75443115234375	9.867480468750001	0.9029223632812501	-5.584716796875	1.97601318359375	-1.42669677734375
1.073	-0.79754150390625	10.011181640625	1.01309326171875	-3.5247802734375	2.28118896484375	-1.86920166015625
1.083	-0.7999365234375	10.05668701171875	0.99872314453125	-0.35858154296875	2.532958984375	-2.20489501953125
1.094	-0.8047265625000001	9.93214599609375	1.005908203125	1.5869140625	2.29644775390625	-2.47955322265625
1.104	-0.85981201171875	9.867480468750001	1.00830322265625	1.5869140625	1.36566162109375	-2.9296875
1.115	-0.81670166015625	9.73096435546875	1.04662353515625	0.34332275390625	1.0528564453125	-3.34930419921875
1.126	-0.718505859375	9.69743408203125	0.9795629882812501	-0.2288818359375	0.9613037109375	-2.899169921875
1.136	-0.737666015625	9.781259765625	1.0011181640625	-0.1220703125	1.10626220703125	-1.708984375
1.146	-0.70174072265625	9.649533691406251	1.0921289062500001	-1.1749267578125	1.15966796875	-0.02288818359375
1.157	-0.795146484375	9.73096435546875	1.12326416015625	-2.2125244140625	0.46539306640625	0.99945068359375
1.168	-0.8238867187500001	9.81	1.0538085937500001	-3.53240966796875	-0.18310546875	1.06048583984375
1.178	-0.7879614257812501	9.8339501953125	0.9651928710937501	-3.6468505859375	-0.34332275390625	0.91552734375
1.188	-0.7807763671875	9.9105908203125	0.9460327148437501	-1.64794921875	0.34332275390625	0.6103515625
1.199	-0.7640112304687501	9.956096191406251	0.9029223632812501	0.6256103515625	1.617431640625	0.6561279296875
1.209	-0.756826171875	9.836345214843751	0.89813232421875	2.40325927734375	2.3345947265625	0.96893310546875
1.219	-0.6873706054687501	9.596843261718751	0.890947265625	3.57818603515625	1.91497802734375	2.197265625
1.23	-0.8478369140625001	9.441166992187501	1.10410400390625	1.89971923828125	-0.89263916015625	3.37982177734375
1.241	-0.8646020507812501	9.40524169921875	1.0777587890625	-1.68609619140625	-4.40216064453125	3.265380859375
1.252	-0.8382568359375	9.50583251953125	1.2022998046875	-6.09588623046875	-6.7138671875	2.43377685546875
1.263	-0.7065307617187501	9.6998291015625	0.9723779296875	-8.68988037109375	-5.7830810546875	1.7547607421875
1.273	-0.58198974609375	9.860295410156251	0.8478369140625001	-7.34710693359375	-0.79345703125	2.29644775390625
1.285	-0.6634204101562501	10.054291992187501	0.8047265625000001	-3.56292724609375	4.730224609375	4.09698486328125
1.295	-0.7280859375000001	9.9968115234375	0.83107177734375	-0.34332275390625	8.11767578125	5.57708740234375
1.305	-0.8190966796875	9.75251953125	0.8214916992187501	2.38037109375	7.89642333984375	6.28662109375
1.316	-0.9460327148437501	9.580078125	0.99393310546875	2.0904541015625	2.86102294921875	5.2947998046875
1.327	-1.02267333984375	9.501042480468751	1.24541015625	-1.3885498046875	-3.54766845703125	3.16619873046875
1.338	-0.871787109375	9.5848681640625	1.08973388671875	-6.46209716796875	-8.58306884765625	1.2664794921875
1.349	-0.7256909179687501	9.7573095703125	0.97716796875	-7.7972412109375	-9.5062255859375	1.5716552734375
1.36	-0.6442602539062501	9.96328125	0.87418212890625	-5.94329833984375	-4.89044189453125	2.655029296875
1.371	-0.6753955078125	10.145302734375	0.833466796875	-2.2125244140625	2.00653076171875	3.31878662109375
1.382	-0.7065307617187501	10.04231689453125	0.83107177734375	1.50299072265625	7.8125	3.24249267578125
1.392	-0.7999365234375	9.90340576171875	0.91250244140625	4.08172607421875	10.20050048828125	3.3416748046875
1.403	-0.9029223632812501	9.673483886718751	1.0298583984375	5.19561767578125	8.1024169921875	2.6702880859375
1.414	-0.9005273437500001	9.63755859375	1.159189453125	2.89154052734375	2.74658203125	2.044677734375
1.424	-0.95561279296875	9.77886474609375	1.2166699218750001	-0.823974609375	-2.50244140625	0.23651123046875
1.435	-0.9077124023437501	9.800419921875001	1.02746337890625	-2.44140625	-5.42449951171875	-0.86212158203125
1.446	-0.8095166015625	9.877060546875	0.8861572265625001	-0.396728515625	-4.791259765625	-1.1749267578125
1.457	-0.72090087890625	9.953701171875	0.89813232421875	2.4566650390625	-1.24359130859375	-0.579833984375
1.467	-0.75922119140625	10.011181640625	1.0011181640625	2.9144287109375	3.10516357421875	-0.25177001953125
1.478	-0.8238867187500001	9.93693603515625	1.01788330078125	3.30352783203125	6.195068359375	-0.213623046875
1.488	-0.8646020507812501	9.912985839843751	1.0969189453125001	3.3721923828125	7.5531005859375	-0.274658203125
1.499	-0.8430468750000001	9.829160156250001	0.97477294921875	3.01361083984375	6.7901611328125	-0.8544921875
1.509	-0.833466796875	9.85071533203125	1.0538085937500001	2.1514892578125	4.94384765625	-1.28936767578125
1.52	-0.8071215820312501	9.7381494140625	1.0106982421875002	1.64794921875	1.67083740234375	-0.45013427734375
1.53	-0.8430468750000001	9.76449462890625	1.09452392578125	1.190185546875	-1.35040283203125	0.213623046875
1.54	-0.87897216796875	9.71180419921875	1.1687695312500002	0.00762939453125	-3.8909912109375	0.732421875
1.551	-0.795146484375	9.742939453125	1.0490185546875002	-1.0223388671875	-5.07354736328125	0.66375732421875
1.561	-0.8574169921875	9.709409179687501	1.04662353515625	-1.15203857421875	-4.852294921875	0.335693359375
1.572	-0.8622070312500001	9.7285693359375	0.8669970703125001	-0.57220458984375	-3.33404541015625	-0.40435791015625
1.583	-0.76880126953125	9.85550537109375	1.0873388671875	-1.52587890625	0.0762939453125	-1.9073486328125
1.594	-0.72090087890625	10.039921875000001	0.93884765625	-3.18145751953125	4.58526611328125	-2.69317626953125
1.605	-0.62031005859375	10.049501953125	0.9651928710937501	-1.861572265625	9.09423828125	-1.36566162109375
1.615	-0.71132080078125	10.039921875000001	0.79754150390625	1.46484375	11.1846923828125	1.312255859375
1.626	-0.8190966796875	9.874665527343751	0.91250244140625	4.49371337890625	9.3994140625	2.38800048828125
1.637	-0.9819580078125001	9.666298828125	1.1831396484375	5.3863525390625	3.5858154296875	1.4190673828125
1.647	-1.0154882812500001	9.441166992187501	1.1352392578125001	3.56292724609375	-4.0130615234375	-0.72479248046875
1.658	-1.01309326171875	9.41961181640625	1.1112890625	0.7171630859375	-10.498046875	-2.6397705078125
1.67	-0.79275146484375	9.474697265625	1.17595458984375	-1.53350830078125	-12.5274658203125	-2.74658203125
1.681	-0.6562353515625	9.48667236328125	0.9651928710937501	-1.4801025390625	-9.4757080078125	-1.0986328125
1.691	-0.5700146484375	9.67587890625	1.01788330078125	-0.3814697265625	-2.655029296875	1.0986328125
1.701	-0.699345703125	9.75012451171875	1.025068359375	-0.25177001953125	4.79888916015625	1.79290771484375
1.713	-0.7472460937500001	9.71180419921875	0.9651928710937501	1.74713134765625	10.96343994140625	1.60980224609375
1.723	-0.79754150390625	9.6040283203125	0.91250244140625	5.16510009765625	13.9923095703125	1.190185546875
1.733	-0.83586181640625	9.60163330078125	1.0298583984375	6.622314453125	14.01519775390625	0.64849853515625
1.744	-0.8622070312500001	9.513017578125	1.04183349609375	7.171630859375	11.63482666015625	0.518798828125
1.755	-0.85981201171875	9.462722167968751	1.01309326171875	8.33892822265625	8.697509765625	1.09100341796875
1.766	-0.756826171875	9.36692138671875	1.02746337890625	10.986328125	7.110595703125	1.8768310546875
1.776	-0.7041357421875001	9.25675048828125	1.00351318359375	15.0146484375	6.96563720703125	4.05120849609375
1.786	-0.6442602539062501	9.13939453125	1.0106982421875002	17.81463623046875	7.36236572265625	6.87408447265625
1.798	-0.67060546875	9.00766845703125	0.97477294921875	19.46258544921875	6.29425048828125	11.3525390625
1.809	-0.7448510742187501	8.82085693359375	1.0969189453125001	19.93560791015625	3.34930419921875	16.18194580078125
1.819	-0.852626953125	9.201665039062501	1.4346166992187501	15.02227783203125	0.8087158203125	18.157958984375
1.83	-0.72090087890625	9.87945556640625	1.7483642578125	3.021240234375	-1.62506103515625	20.965576171875
1.841	-0.56282958984375	10.459050292968751	1.36755615234375	-4.09698486328125	0.00762939453125	24.94049072265625
1.851	-0.5460644531250001	10.511740722656251	0.8023315429687501	2.12860107421875	5.80596923828125	28.6407470703125
1.862	-0.488583984375	10.29618896484375	0.6035449218750001	19.8516845703125	8.78143310546875	35.94207763671875
1.872	-0.6945556640625	10.0447119140625	1.00830322265625	34.7900390625	7.39288330078125	41.7022705078125
1.884	-0.63468017578125	9.29267578125	1.2022998046875	39.73388671875	-4.58526611328125	49.86572265625
1.896	-0.8238867187500001	8.895102539062501	1.6334033203125	38.2080078125	-29.0985107421875	62.06512451171875
1.907	-1.00830322265625	9.44356201171875	2.4477099609375	18.25714111328125	-57.74688720703125	71.32720947265625
1.92	-0.9340576171875	10.166857910156251	3.03448974609375	-19.21844482421875	-82.489013671875	76.69830322265625
1.932	-0.73527099609375	10.7536376953125	2.5530908203125002	-59.27276611328125	-96.37451171875	83.41217041015625
1.943	-0.43110351562500004	10.9548193359375	1.32444580078125	-67.3828125	-97.96142578125	94.90203857421875
1.955	-0.57240966796875	11.112890625	0.97716796875	-54.3670654296875	-97.47314453125	105.65948486328125
1.968	-0.9244775390625001	11.805051269531251	1.5950830078125	-45.41015625	-101.28021240234375	109.80224609375
1.98	-0.96998291015625	12.51876708984375	2.289638671875	-58.17413330078125	-117.50030517578125	111.724853515625
1.992	-0.6753955078125	12.93310546875	2.39501953125	-80.20782470703125	-149.45220947265625	124.74822998046875
2.004	-1.1687695312500002	12.667258300781251	1.7028588867187502	-88.66119384765625	-194.28253173828125	141.082763671875
2.017	-1.9471508789062502	12.418176269531251	1.6310083007812501	-79.4830322265625	-240.8447265625	140.52581787109375
2.03	-1.99265625	12.693603515625	2.16270263671875	-84.15985107421875	-250.0	124.786376953125
2.042	-1.3460009765625	12.99298095703125	2.55548583984375	-101.0894775390625	-250.0	117.4163818359375
2.055	-1.0777587890625	13.0528564453125	2.2752685546875	-119.93408203125	-250.0	117.8436279296875
2.067	-0.97477294921875	13.0911767578125	1.9399658203125	-127.18963623046875	-250.0	116.38641357421875
2.079	-1.1448193359375	13.699511718750001	2.37825439453125	-136.77978515625	-250.0	117.12646484375
2.092	-1.714833984375	15.091018066406251	3.2452514648437503	-170.7611083984375	-250.0	106.91070556640625
2.105	-2.0549267578125	15.605947265625002	2.8093579101562502	-207.000732421875	-250.0	91.75872802734375
2.117	-1.9136206054687501	15.905324707031252	2.05732177734375	-224.05242919921875	-250.0	74.676513671875
2.129	-1.9423608398437502	16.410673828125002	2.14833251953125	-235.43548583984375	-250.0	51.2237548828125
2.141	-2.1076171875000003	16.8369873046875	2.3423291015625	-250.0	-250.0	17.20428466796875
2.154	-1.29091552734375	17.33754638671875	2.45968505859375	-250.0	-221.15325927734375	-11.7034912109375
2.165	-0.04071533203125	16.889677734375002	1.99265625	-250.0	-178.52020263671875	-15.55633544921875
2.178	-0.10538085937500001	16.59988037109375	2.29921875	-250.0	-175.59814453125	8.819580078125
2.19	-2.1698876953125	16.08734619140625	2.74229736328125	-250.0	-198.57025146484375	12.5885009765625
2.202	-3.37937255859375	15.217954101562501	2.2010229492187503	-250.0	-242.40875244140625	-17.84515380859375
2.214	-3.7146752929687503	13.73783203125	1.235830078125	-250.0	-250.0	-65.0177001953125
2.228	-3.00095947265625	14.058764648437501	1.7028588867187502	-250.0	-250.0	-107.91015625
2.24	-1.657353515625	15.531701660156251	1.9878662109375	-250.0	-250.0	-126.434326171875
2.253	-0.77838134765625	17.308806152343752	1.5112573242187501	-250.0	-250.0	-126.312255859375
2.266	-0.49337402343750003	19.61940124511719	1.33402587890625	-250.0	-224.30419921875	-134.30023193359375
2.278	-0.29458740234375	19.61940124511719	0.87897216796875	-250.0	-119.3695068359375	-162.9638671875
2.289	0.023950195312500002	19.61940124511719	0.30416748046875003	-250.0	-14.3280029296875	-196.6400146484375
2.3	0.1197509765625	19.61940124511719	-0.01916015625	-250.0	60.56976318359375	-224.029541015625
2.313	-0.39517822265625	19.61940124511719	0.55803955078125	-250.0	97.59521484375	-250.0
2.325	-1.21427490234375	19.61940124511719	1.5232324218750002	-250.0	91.65191650390625	-250.0
2.337	-1.8345849609375	19.61940124511719	2.3710693359375	-250.0	49.29351806640625	-250.0
2.35	-1.85135009765625	19.61940124511719	2.222578125	-250.0	2.66265869140625	-250.0
2.362	-1.3172607421875	19.61940124511719	1.4849121093750002	-250.0	-31.2042236328125	-250.0
2.374	-0.3496728515625	19.61940124511719	0.8047265625000001	-250.0	-49.102783203125	-250.0
2.385	0.045505371093750004	19.61940124511719	1.0322534179687501	-250.0	-59.5703125	-250.0
2.398	-0.29937744140625	19.61940124511719	1.97110107421875	-250.0	-51.09405517578125	-250.0
2.41	-0.51971923828125	19.61940124511719	2.31837890625	-250.0	-16.66259765625	-250.0
2.422	0.17244140625	19.61940124511719	1.9543359375	-250.0	36.61346435546875	-250.0
2.435	0.8669970703125001	19.61940124511719	1.9950512695312501	-250.0	99.02191162109375	-250.0
2.447	1.3651611328125002	19.61940124511719	1.7459692382812502	-250.0	159.11102294921875	-250.0
2.459	1.22385498046875	19.61940124511719	1.4465917968750002	-203.92608642578125	199.30267333984375	-250.0
2.47	0.42870849609375	19.61940124511719	1.4609619140625	-145.93505859375	221.22955322265625	-250.0
2.483	-0.354462890625	19.61940124511719	2.481240234375	-107.84912109375	220.75653076171875	-250.0
2.495	-1.063388671875	19.61940124511719	2.8213330078125	-82.31353759765625	208.21380615234375	-250.0
2.507	-0.87897216796875	19.61940124511719	2.68481689453125	-46.1883544921875	190.826416015625	-250.0
2.519	-0.49337402343750003	19.61940124511719	2.327958984375	-0.0152587890625	175.3387451171875	-250.0
2.531	-0.39278320312500004	19.61940124511719	2.54111572265625	43.95294189453125	165.4815673828125	-250.0
2.543	-0.63947021484375	19.61940124511719	3.3099169921875	81.0089111328125	157.684326171875	-250.0
2.554	-0.536484375	19.61940124511719	3.42966796875	108.05511474609375	156.3873291015625	-250.0
2.567	-0.36404296875000003	19.61940124511719	2.8692333984375002	145.53070068359375	157.7606201171875	-250.0
2.579	-0.6083349609375001	19.61940124511719	2.88120849609375	190.33050537109375	151.2603759765625	-250.0
2.591	-0.81670166015625	19.61940124511719	3.4679882812500002	228.96575927734375	128.77655029296875	-250.0
2.604	-0.8238867187500001	19.61940124511719	4.27031982421875	248.6724853515625	91.0797119140625	-250.0
2.615	-1.06099365234375	19.61940124511719	4.50503173828125	249.99237060546875	46.4019775390625	-250.0
2.627	-1.4992822265625	19.61940124511719	3.9038818359375003	249.99237060546875	15.75469970703125	-250.0
2.639	-1.57831787109375	19.61940124511719	3.7937109375	249.99237060546875	-5.828857421875	-250.0
2.652	-1.178349609375	19.61940124511719	4.31103515625	249.99237060546875	-34.7442626953125	-250.0
2.664	-1.13284423828125	19.61940124511719	4.548142089843751	249.99237060546875	-72.80731201171875	-250.0
2.676	-0.7616162109375001	19.61940124511719	4.6032275390625	249.99237060546875	-114.78424072265625	-250.0
2.689	-0.63228515625	19.61940124511719	4.291875	249.99237060546875	-161.0260009765625	-250.0
2.701	-0.6059399414062501	19.61940124511719	3.95896728515625	249.99237060546875	-207.75604248046875	-250.0
2.713	-1.11847412109375	19.61940124511719	3.3314721679687502	249.99237060546875	-250.0	-250.0
2.726	-1.101708984375	19.61940124511719	3.45601318359375	249.99237060546875	-250.0	-250.0
2.738	-0.5700146484375	19.61940124511719	3.58294921875	249.99237060546875	-250.0	-250.0
2.75	0.13412109375	19.61940124511719	2.7351123046875	221.588134765625	-250.0	-250.0
2.762	0.2442919921875	19.61940124511719	2.2944287109375003	201.48468017578125	-250.0	-250.0
2.775	-0.20836669921875	19.61940124511719	2.3998095703125	169.63958740234375	-250.0	-250.0
2.787	-0.4167333984375	19.61940124511719	1.7244140625000002	123.74114990234375	-250.0	-250.0
2.798	-0.49576904296875	19.61940124511719	1.70525390625	69.9462890625	-250.0	-250.0
2.81	-0.19399658203125	19.61940124511719	3.49433349609375	-19.53125	-250.0	-250.0
2.823	0.5676196289062501	19.61940124511719	4.3828857421875	-135.9710693359375	-250.0	-250.0
2.835	0.49337402343750003	19.61940124511719	2.375859375	-207.13043212890625	-250.0	-250.0
2.847	0.0814306640625	19.61940124511719	0.46702880859375	-189.47601318359375	-250.0	-250.0
2.86	0.34248779296875004	19.61940124511719	0.37122802734375004	-117.950439453125	-164.1845703125	-250.0
2.871	1.0969189453125001	19.61940124511719	2.54111572265625	-72.9522705078125	-94.23065185546875	-250.0
2.884	0.9843530273437501	19.61940124511719	4.4307861328125	-87.432861328125	-89.91241455078125	-250.0
2.895	0.04071533203125	19.61940124511719	3.2811767578125	-107.1929931640625	-82.70263671875	-250.0
2.908	0.1484912109375	19.61940124511719	2.998564453125	-105.76629638671875	-66.9403076171875	-250.0
2.92	-0.15567626953125	19.61940124511719	3.3721875000000003	-103.64532470703125	-66.314697265625	-250.0
2.932	-0.7472460937500001	19.61940124511719	3.1590307617187503	-92.72003173828125	-51.8341064453125	-250.0
2.945	-0.613125	19.61940124511719	3.0895751953125004	-72.56317138671875	-14.1754150390625	-250.0
2.956	-0.1580712890625	19.61940124511719	2.3902294921875002	-40.01617431640625	36.06414794921875	-250.0
2.968	0.13172607421875002	19.61940124511719	2.5626708984375	-2.38800048828125	84.8388671875	-250.0
2.979	1.3531860351562501	19.61940124511719	4.0571630859375	19.40155029296875	122.18475341796875	-250.0
2.992	1.829794921875	19.61940124511719	2.8428881835937503	33.28704833984375	133.5601806640625	-250.0
3.003	0.2682421875	19.61940124511719	1.00830322265625	110.504150390625	135.8642578125	-250.0
3.015	-1.1687695312500002	19.61940124511719	0.85981201171875	201.57623291015625	136.60430908203125	-250.0
3.027	-2.0740869140625002	19.61940124511719	2.5099804687500002	249.99237060546875	75.72174072265625	-250.0
3.039	-3.1757958984375003	19.61940124511719	2.9554541015625	249.99237060546875	-58.1207275390625	-250.0
3.052	-3.6811450195312503	19.61940124511719	3.38416259765625	245.8343505859375	-223.21319580078125	-250.0
3.064	-2.768642578125	19.61940124511719	2.5051904296875	201.63726806640625	-250.0	-250.0
3.077	-1.6645385742187502	19.61940124511719	1.49209716796875	148.94866943359375	-250.0	-250.0
3.089	-0.4742138671875	19.61940124511719	0.58198974609375	102.020263671875	-250.0	-250.0
3.1	0.01916015625	19.61940124511719	1.753154296875	37.2161865234375	-250.0	-250.0
3.112	0.239501953125	19.61940124511719	1.4322216796875	-37.59002685546875	-250.0	-250.0
3.125	-0.12214599609375	19.61940124511719	2.20581298828125	-96.59576416015625	-250.0	-250.0
3.137	0.5604345703125	19.61940124511719	2.5004003906250003	-168.7164306640625	-250.0	-250.0
3.149	0.87418212890625	19.61940124511719	1.88009033203125	-209.95330810546875	-250.0	-250.0
3.162	1.7459692382812502	19.61940124511719	1.1567944335937501	-203.23944091796875	-180.3741455078125	-250.0
3.174	2.29682373046875	19.61940124511719	1.49209716796875	-158.11920166015625	19.93560791015625	-250.0
3.186	2.2776635742187503	18.83203857421875	1.02746337890625	-111.18316650390625	141.04461669921875	-250.0
3.197	1.22385498046875	14.573693847656251	-0.22034179687500002	-47.8057861328125	158.91265869140625	-250.0
3.21	0.39278320312500004	18.087187500000002	4.17930908203125	-29.5562744140625	53.0548095703125	-250.0
3.222	-0.96998291015625	19.61940124511719	5.0726513671875	-93.8873291015625	-65.42205810546875	-250.0
3.234	-1.8824853515625002	19.61940124511719	3.496728515625	-141.90673828125	-152.9083251953125	-250.0
3.248	-2.82372802734375	19.61940124511719	1.7459692382812502	-139.39666748046875	-155.11322021484375	-250.0
3.26	-2.4189697265625	19.61940124511719	0.7903564453125	-85.51788330078125	-90.14129638671875	-250.0
3.272	-0.77838134765625	19.61940124511719	1.983076171875	-20.2789306640625	-19.866943359375	-250.0
3.283	0.833466796875	19.61940124511719	3.0392797851562503	12.054443359375	16.6473388671875	-250.0
3.295	1.3172607421875	19.61940124511719	3.50630859375	20.3399658203125	23.35357666015625	-250.0
3.306	0.91729248046875	19.61940124511719	3.40332275390625	21.88873291015625	21.881103515625	-250.0
3.317	0.296982421875	19.61940124511719	2.6800268554687503	27.2674560546875	16.7999267578125	-250.0
3.33	-0.7879614257812501	19.61940124511719	2.46447509765625	43.5791015625	4.12750244140625	-250.0
3.341	-1.3962963867187501	19.61940124511719	2.5004003906250003	58.319091796875	-23.17047119140625	-250.0
3.353	-1.73638916015625	19.61940124511719	2.65607666015625	66.44439697265625	-71.319580078125	-250.0
3.365	-1.6645385742187502	19.61940124511719	2.56506591796875	70.6024169921875	-126.2664794921875	-250.0
3.378	-0.8406518554687501	19.61940124511719	2.6632617187500003	67.81005859375	-181.58721923828125	-250.0
3.389	-0.53887939453125	19.61940124511719	2.30161376953125	57.6171875	-215.56854248046875	-250.0
3.401	-0.23231689453125	18.999689941406253	2.02379150390625	55.35125732421875	-230.07965087890625	-250.0
3.414	-0.18441650390625	18.00815185546875	1.7866845703125	56.9610595703125	-242.34771728515625	-250.0
3.426	-0.49576904296875	16.81064208984375	1.57831787109375	57.6629638671875	-250.0	-250.0
3.437	-1.04183349609375	14.98084716796875	1.1903247070312502	54.75616455078125	-250.0	-250.0
3.449	-1.6645385742187502	12.957055664062501	0.36643798828125	52.5054931640625	-250.0	-250.0
3.462	-1.3100756835937502	11.67572021484375	-0.37601806640625	54.5654296875	-250.0	-250.0
3.473	-0.47900390625	11.99665283203125	-0.0335302734375	45.47882080078125	-250.0	-250.0
3.485	0.43110351562500004	13.0720166015625	0.6466552734375001	18.47076416015625	-250.0	-250.0
3.497	0.57240966796875	14.6766796875	1.6142431640625001	-31.097412109375	-250.0	-250.0
3.51	0.0718505859375	15.546071777343752	1.80344970703125	-95.77178955078125	-250.0	-250.0
3.522	-0.29219238281250004	15.15568359375	0.81670166015625	-132.63702392578125	-250.0	-250.0
3.533	-0.41912841796875	14.770085449218751	0.050295410156250005	-137.87841796875	-250.0	-250.0
3.547	-0.67300048828125	14.762900390625001	-0.38080810546875005	-129.33349609375	-250.0	-250.0
3.559	-0.9843530273437501	16.724421386718753	1.56394775390625	-140.167236328125	-250.0	-250.0
3.572	-1.6956738281250001	17.8812158203125	1.4082714843750002	-169.56329345703125	-250.0	-250.0
3.585	-1.4897021484375002	19.61940124511719	2.45489501953125	-209.60235595703125	-250.0	-250.0
3.598	-0.8669970703125001	19.61940124511719	1.9303857421875001	-245.00274658203125	-250.0	-250.0
3.61	-0.5053491210937501	19.61940124511719	1.561552734375	-250.0	-250.0	-250.0
3.622	-0.162861328125	19.208056640625	-0.31853759765625	-224.7467041015625	-165.82489013671875	-250.0
3.635	0.47900390625	18.10874267578125	0.6682104492187501	-175.84228515625	-60.6689453125	-250.0
3.647	0.8765771484375	19.265537109375	2.529140625	-164.7186279296875	-12.56561279296875	-250.0
3.659	1.0370434570312501	19.61940124511719	3.59013427734375	-191.497802734375	-24.2462158203125	-250.0
3.671	0.25147705078125	19.61940124511719	2.66086669921875	-207.46612548828125	-48.9349365234375	-250.0
3.683	-0.8646020507812501	19.61940124511719	1.599873046875	-194.3511962890625	-53.62701416015625	-250.0
3.696	-1.4897021484375002	19.61940124511719	2.0453466796875	-167.80853271484375	-63.74359130859375	-250.0
3.708	-1.8537451171875001	19.61940124511719	1.7579443359375	-143.95904541015625	-85.82305908203125	-250.0
3.721	-0.95561279296875	19.61940124511719	2.7446923828125	-129.180908203125	-129.119873046875	-250.0
3.733	0.3065625	19.61940124511719	4.315825195312501	-160.62164306640625	-160.97259521484375	-250.0
3.745	0.5412744140625	19.61940124511719	3.4823583984375004	-186.9049072265625	-129.15802001953125	-250.0
3.758	0.64905029296875	19.61940124511719	2.9746142578125	-167.39654541015625	-11.65771484375	-250.0
3.77	0.7903564453125	19.61940124511719	1.9806811523437502	-104.8126220703125	170.3338623046875	-250.0
3.781	1.25259521484375	19.61940124511719	0.9580078125	3.7689208984375	249.99237060546875	-250.0
3.793	-0.10777587890625001	19.61940124511719	1.9088305664062502	104.3853759765625	249.99237060546875	-250.0
3.806	-0.9819580078125001	19.61940124511719	3.0823901367187503	174.6826171875	249.99237060546875	-250.0
3.818	-1.7842895507812502	19.61940124511719	3.05843994140625	207.3211669921875	249.99237060546875	-250.0
3.83	-2.8740234375	19.105070800781252	2.6393115234375	226.55487060546875	101.4862060546875	-250.0
3.843	-3.37937255859375	17.280065917968752	1.3651611328125002	249.99237060546875	-91.34674072265625	-250.0
3.855	-2.6728417968750002	15.907719726562501	0.12693603515625002	249.99237060546875	-250.0	-250.0
3.867	-2.42136474609375	15.787968750000001	-0.086220703125	249.99237060546875	-250.0	-250.0
3.879	-2.0381616210937503	17.490827636718752	1.52562744140625	249.99237060546875	-250.0	-250.0
3.892	-0.26345214843750003	17.76864990234375	1.36276611328125	154.449462890625	-250.0	-250.0
3.904	1.65016845703125	17.5459130859375	0.15088623046875002	80.94024658203125	-250.0	-250.0
3.916	2.02858154296875	16.86812255859375	-0.26584716796875	34.14154052734375	-250.0	-250.0
3.928	1.64537841796875	16.6453857421875	-0.09819580078125001	15.31982421875	-250.0	-250.0
3.94	4.54335205078125	18.93262939453125	1.31965576171875	-1.251220703125	-250.0	-204.71954345703125
3.952	-0.43349853515625003	15.981965332031251	1.07296875	-53.67279052734375	-250.0	-118.0267333984375
3.964	-3.8104760742187502	8.23168212890625	-1.62142822265625	-55.15289306640625	-250.0	-215.96527099609375
3.978	-1.0585986328125	13.91266845703125	1.25259521484375	-27.47344970703125	-250.0	-250.0
3.99	2.2608984375000003	19.61940124511719	7.6209521484375005	-183.69293212890625	-250.0	-248.7030029296875
4.002	1.36037109375	19.61940124511719	2.883603515625	-250.0	-250.0	-169.54803466796875
4.015	-0.42870849609375	17.430952148437502	-0.162861328125	-250.0	-250.0	-185.24169921875
4.028	-0.11735595703125	17.787810058593752	-0.871787109375	-250.0	-73.2269287109375	-247.50518798828125
4.04	1.025068359375	18.642832031250002	-0.32332763671875003	-169.9981689453125	82.09991455078125	-250.0
4.051	-0.0383203125	17.368681640625002	0.9460327148437501	-102.33306884765625	113.70086669921875	-250.0
4.064	-1.9687060546875002	15.86700439453125	2.5770410156250003	-80.1544189453125	62.6678466796875	-250.0
4.076	-2.2177880859375003	14.55453369140625	2.62254638671875	-91.1712646484375	-29.937744140625	-250.0
4.089	-2.26808349609375	13.71627685546875	2.23455322265625	-118.64471435546875	-146.72088623046875	-250.0
4.102	-1.7938696289062501	13.481564941406251	1.7028588867187502	-149.8260498046875	-248.98529052734375	-250.0
4.115	-1.350791015625	13.56778564453125	1.3100756835937502	-171.48590087890625	-250.0	-250.0
4.127	-0.08382568359375	13.443244628906251	0.22034179687500002	-170.1812744140625	-250.0	-250.0
4.139	0.49337402343750003	13.0672265625	-0.19399658203125	-152.67181396484375	-250.0	-250.0
4.151	-0.09101074218750001	12.34632568359375	-0.01676513671875	-127.75421142578125	-239.2425537109375	-250.0
4.164	-0.5316943359375	13.23727294921875	1.3268408203125002	-116.64581298828125	-212.8143310546875	-250.0
4.176	-0.5843847656250001	14.3557470703125	2.20341796875	-136.46697998046875	-199.22637939453125	-250.0
4.189	-0.6825805664062501	14.85630615234375	2.01181640625	-163.96331787109375	-177.79541015625	-250.0
4.202	-0.9340576171875	14.667099609375	1.3148657226562501	-171.81396484375	-139.57977294921875	-250.0
4.214	-0.86939208984375	14.762900390625001	1.4226416015625	-164.6575927734375	-90.057373046875	-250.0
4.227	-0.7328759765625	13.6564013671875	0.8957373046875	-143.44024658203125	-50.63629150390625	-250.0
4.24	-0.641865234375	12.48044677734375	-0.25626708984375	-102.88238525390625	-34.454345703125	-250.0
4.251	-0.9580078125	13.11273193359375	0.9268725585937501	-67.87872314453125	-55.35888671875	-250.0
4.264	-1.1136840820312501	13.924643554687501	1.657353515625	-60.8978271484375	-113.76953125	-250.0
4.277	-0.52929931640625	15.914904785156251	2.31598388671875	-67.60406494140625	-206.3751220703125	-250.0
4.289	-1.101708984375	16.82501220703125	2.16270263671875	-100.34942626953125	-250.0	-250.0
4.301	-1.67890869140625	16.14003662109375	0.8286767578125	-104.5074462890625	-250.0	-250.0
4.315	-1.8705102539062501	15.04072265625	-0.124541015625	-82.09228515625	-250.0	-250.0
4.327	-1.6956738281250001	13.958173828125	-0.70174072265625	-49.29351806640625	-250.0	-250.0
4.339	-0.89813232421875	15.62750244140625	0.17962646484375	-34.21783447265625	-250.0	-250.0
4.352	0.20597167968750002	19.61940124511719	3.8272412109375002	-105.5908203125	-250.0	-250.0
4.365	-0.8047265625000001	18.95178955078125	1.97110107421875	-195.65582275390625	-250.0	-250.0
4.377	-0.98914306640625	18.3506396484375	1.05141357421875	-235.0006103515625	-250.0	-250.0
4.389	-0.19160156250000002	18.27160400390625	0.718505859375	-249.21417236328125	-250.0	-250.0
4.402	0.9268725585937501	17.80697021484375	0.7472460937500001	-245.10955810546875	-208.65631103515625	-250.0
4.414	0.8574169921875	16.053815917968752	0.4981640625	-225.3570556640625	-142.913818359375	-250.0
4.426	0.01916015625	15.5819970703125	1.00351318359375	-203.84979248046875	-134.59014892578125	-250.0
4.439	-0.59396484375	16.15919677734375	1.542392578125	-199.95880126953125	-169.65484619140625	-250.0
4.452	-1.37953125	19.2128466796875	3.25483154296875	-221.48895263671875	-234.43603515625	-250.0
4.464	-1.9519409179687501	19.61940124511719	3.1494506835937504	-250.0	-250.0	-250.0
4.477	-1.34360595703125	19.61940124511719	2.7590625	-250.0	-246.6278076171875	-250.0
4.49	-1.05620361328125	19.61940124511719	1.140029296875	-250.0	-163.74969482421875	-250.0
4.502	-0.3879931640625	19.61940124511719	1.0394384765625	-232.09381103515625	-40.618896484375	-250.0
4.514	0.71132080078125	19.61940124511719	2.692001953125	-198.3184814453125	42.0684814453125	-250.0
4.526	1.56873779296875	19.61940124511719	2.7638525390625	-186.74468994140625	68.12286376953125	-250.0
4.538	-0.1580712890625	17.5075927734375	1.1735595703125001	-155.76934814453125	55.44281005859375	-250.0
4.55	-1.55915771484375	14.30066162109375	0.85023193359375	-107.81097412109375	30.303955078125	-250.0
4.562	-0.63468017578125	13.46240478515625	0.8765771484375	-79.41436767578125	-36.64398193359375	-250.0
4.575	-0.36643798828125	14.679074707031251	2.07169189453125	-87.7838134765625	-140.228271484375	-250.0
4.587	-0.43828857421875	16.681311035156252	3.0919702148437502	-124.79400634765625	-233.17718505859375	-250.0
4.599	0.33290771484375004	19.61940124511719	3.59013427734375	-156.5399169921875	-250.0	-247.36785888671875
4.613	0.9867480468750001	19.61940124511719	3.2955468750000003	-179.03900146484375	-169.5709228515625	-221.3592529296875
4.624	-0.50055908203125	19.61940124511719	0.77838134765625	-137.45880126953125	40.069580078125	-250.0
4.636	-1.4561718750000001	19.538569335937503	-0.33769775390625	-26.02386474609375	249.99237060546875	-250.0
4.648	-1.1735595703125001	19.61940124511719	0.6083349609375001	92.0257568359375	249.99237060546875	-250.0
4.661	-0.699345703125	18.582956542968752	1.76512939453125	175.6134033203125	249.99237060546875	-250.0
4.673	-1.3316308593750001	16.8178271484375	2.7973828125	203.45306396484375	235.65673828125	-250.0
4.685	-2.20581298828125	14.4802880859375	2.3998095703125	204.59747314453125	46.3714599609375	-250.0
4.698	-2.6872119140625	12.39901611328125	1.0011181640625	209.2132568359375	-130.4473876953125	-250.0
4.71	-2.7638525390625	11.256591796875	-0.5053491210937501	226.8218994140625	-250.0	-250.0
4.722	-1.96152099609375	12.1619091796875	-0.31374755859375003	246.89483642578125	-250.0	-250.0
4.734	-0.52929931640625	13.392949218750001	0.4167333984375	225.52490234375	-250.0	-250.0
4.747	0.35685791015625	13.361813964843751	-0.36404296875000003	190.61279296875	-250.0	-250.0
4.759	0.34248779296875004	12.77263916015625	-0.81191162109375	167.0684814453125	-250.0	-250.0
4.77	0.75922119140625	12.9857958984375	-0.44307861328125003	149.0325927734375	-250.0	-250.0
4.783	1.0394384765625	14.2407861328125	0.8071215820312501	104.20989990234375	-250.0	-250.0
4.795	0.5508544921875	15.12454833984375	1.159189453125	43.0908203125	-250.0	-207.1533203125
4.807	-0.1149609375	14.50423828125	1.0202783203125	-8.35418701171875	-250.0	-179.5654296875
4.819	-3.2141162109375	7.1419482421875005	-1.65016845703125	-57.07550048828125	-250.0	-250.0
4.833	-0.8286767578125	7.9466748046875	-3.3051269531250003	-40.8172607421875	-250.0	-250.0
4.845	3.70988525390625	17.6800341796875	3.7841308593750003	-66.8792724609375	-250.0	-250.0
4.857	4.854704589843751	19.61940124511719	8.363408203125001	-232.33795166015625	-250.0	-71.51031494140625
4.87	-0.086220703125	19.61940124511719	2.02858154296875	-250.0	-250.0	84.15985107421875
4.882	-3.3051269531250003	18.17580322265625	-0.7903564453125	-224.9908447265625	-250.0	-38.543701171875
4.894	-4.3349853515625005	16.00112548828125	-0.8214916992187501	-148.81134033203125	14.65606689453125	-250.0
4.908	-2.90515869140625	18.774558105468753	1.72201904296875	-78.18603515625	190.00244140625	-250.0
4.919	-0.08382568359375	19.61940124511719	3.6739599609375	-53.27606201171875	191.83349609375	-250.0
4.931	1.2022998046875	16.81064208984375	3.1374755859375	-69.061279296875	76.6754150390625	-250.0
4.943	-0.22034179687500002	12.8325146484375	2.0740869140625002	-83.8470458984375	-45.501708984375	-250.0
4.956	-0.77838134765625	11.26856689453125	1.05141357421875	-82.25250244140625	-119.07196044921875	-250.0
4.968	-0.02155517578125	11.759545898437501	0.38559814453125	-69.488525390625	-174.01123046875	-250.0
4.98	-0.15088623046875002	12.964240722656251	0.75922119140625	-57.06024169921875	-224.9755859375	-228.05023193359375
4.993	-1.1304492187500002	13.96535888671875	1.6310083007812501	-53.9703369140625	-250.0	-203.5064697265625
5.005	-1.638193359375	14.583273925781251	1.67890869140625	-55.88531494140625	-250.0	-199.89013671875
5.017	-1.74357421875	14.52579345703125	1.44898681640625	-64.1937255859375	-250.0	-221.56524658203125
5.03	-2.26329345703125	14.192885742187501	1.4705419921875	-77.20184326171875	-250.0	-250.0
5.043	-2.1842578125000003	13.22290283203125	1.4298266601562502	-90.47698974609375	-250.0	-250.0
5.056	-1.13763427734375	12.31998046875	0.95082275390625	-103.6529541015625	-250.0	-250.0
5.067	0.27303222656250004	11.40747802734375	0.47660888671875	-110.504150390625	-250.0	-250.0
5.08	1.159189453125	10.68897216796875	0.1293310546875	-110.48126220703125	-213.56964111328125	-250.0
5.092	0.7137158203125	10.09740234375	0.5604345703125	-102.7374267578125	-174.713134765625	-250.0
5.104	0.48618896484375	9.66869384765625	0.28021728515625	-90.02685546875	-144.500732421875	-250.0
5.115	0.25387207031250003	9.553732910156251	-0.00239501953125	-71.7010498046875	-150.18463134765625	-250.0
5.128	-1.2166699218750001	10.054291992187501	0.91250244140625	-64.06402587890625	-190.66619873046875	-239.349365234375
5.14	-1.3843212890625	11.237431640625001	1.1927197265625	-63.51470947265625	-250.0	-225.42572021484375
5.153	-1.3483959960937502	12.5738525390625	1.2406201171875	-80.291748046875	-250.0	-218.71185302734375
5.166	-1.5160473632812501	13.840817871093751	1.1160791015625	-96.41265869140625	-250.0	-222.67913818359375
5.179	-1.67890869140625	14.767690429687502	1.1064990234375	-106.26220703125	-250.0	-236.10687255859375
5.191	-1.714833984375	15.146103515625	0.61552001953125	-101.18865966796875	-250.0	-250.0
5.203	-1.37234619140625	16.02986572265625	0.59635986328125	-87.5396728515625	-250.0	-250.0
5.217	-0.7664062500000001	17.32078125	1.3268408203125002	-83.80889892578125	-250.0	-250.0
5.229	-1.20948486328125	16.59509033203125	1.77470947265625	-101.7913818359375	-250.0	-250.0
5.242	-1.4346166992187501	14.27192138671875	0.7256909179687501	-106.5216064453125	-250.0	-250.0
5.255	-1.13763427734375	13.146262207031251	0.3113525390625	-101.1199951171875	-250.0	-250.0
5.267	0.11017089843750001	14.12103515625	0.63228515625	-98.91510009765625	-250.0	-250.0
5.279	0.09101074218750001	14.85630615234375	1.19990478515625	-112.73193359375	-250.0	-250.0
5.292	-0.8861572265625001	14.410832519531251	0.85502197265625	-123.291015625	-250.0	-250.0
5.305	-1.60705810546875	14.044394531250001	0.62989013671875	-127.05230712890625	-250.0	-250.0
5.317	-1.53999755859375	15.083833007812501	0.9244775390625001	-128.0059814453125	-250.0	-250.0
5.329	-0.622705078125	17.55788818359375	2.43573486328125	-160.400390625	-250.0	-250.0
5.343	-0.8023315429687501	17.32796630859375	2.1243823242187503	-212.982177734375	-250.0	-240.6158447265625
5.355	-0.9819580078125001	15.778388671875001	0.79754150390625	-229.36248779296875	-250.0	-240.02838134765625
5.367	-0.57719970703125	14.829960937500001	0.72090087890625	-231.964111328125	-250.0	-250.0
5.38	0.07903564453125	14.858701171875001	0.7999365234375	-227.4322509765625	-250.0	-250.0
5.393	0.70892578125	16.575930175781252	1.9351757812500001	-234.19189453125	-211.2884521484375	-240.56243896484375
5.405	0.7472460937500001	19.29188232421875	2.90515869140625	-250.0	-185.79864501953125	-191.986083984375
5.417	-0.0622705078125	19.37091796875	2.52195556640625	-250.0	-127.70843505859375	-172.2412109375
5.43	-1.159189453125	18.38177490234375	1.96152099609375	-250.0	-15.5029296875	-212.58544921875
5.442	-1.3699511718750002	16.10650634765625	0.43110351562500004	-225.9063720703125	99.639892578125	-250.0
5.454	-0.7903564453125	15.7161181640625	0.6634204101562501	-168.41888427734375	158.66851806640625	-250.0
5.467	-1.5471826171875	14.298266601562501	1.2693603515625	-130.95855712890625	158.30230712890625	-250.0
5.479	-1.76512939453125	10.43031005859375	0.0814306640625	-93.62030029296875	92.071533203125	-250.0
5.491	-1.44898681640625	11.36915771484375	0.79275146484375	-58.563232421875	-41.473388671875	-250.0
5.505	-1.48251708984375	12.272080078125	1.9208056640625002	-64.32342529296875	-212.0819091796875	-250.0
5.517	-0.09101074218750001	16.40109375	2.4836352539062503	-94.17724609375	-250.0	-231.353759765625
5.529	-0.30177246093750004	19.61940124511719	3.515888671875	-146.59881591796875	-250.0	-151.02386474609375
5.541	-2.5818310546875	19.61940124511719	2.94347900390625	-178.85589599609375	-250.0	-140.20538330078125
5.555	-4.991220703125	16.6837060546875	-0.9244775390625001	-155.4412841796875	-250.0	-250.0
5.567	-3.31470703125	14.78924560546875	-2.05253173828125	-65.12451171875	-164.05487060546875	-250.0
5.579	-0.7903564453125	18.089582519531252	0.7831713867187501	3.9520263671875	-105.69000244140625	-250.0
5.592	1.81781982421875	19.29667236328125	2.6488916015625	1.12152099609375	-162.59002685546875	-250.0
5.603	2.5626708984375	16.602275390625	2.0070263671875	-18.60809326171875	-250.0	-250.0
5.615	1.025068359375	12.904365234375001	0.948427734375	-32.29522705078125	-250.0	-250.0
5.627	-0.833466796875	10.0447119140625	0.24189697265625001	-34.912109375	-250.0	-250.0
5.641	-1.49209716796875	9.103469238281251	-0.37122802734375004	-29.56390380859375	-250.0	-250.0
5.652	-0.8238867187500001	10.188413085937501	0.26345214843750003	-33.721923828125	-250.0	-250.0
5.664	-0.45265869140625004	10.2458935546875	0.8286767578125	-57.42645263671875	-250.0	-250.0
5.677	-0.34727783203125	10.578801269531251	0.41912841796875	-77.65960693359375	-250.0	-250.0
5.689	0.3496728515625	12.77982421875	1.4322216796875	-106.109619140625	-250.0	-239.31884765625
5.701	0.55564453125	14.33898193359375	1.51365234375	-138.0615234375	-250.0	-196.6552734375
5.713	-0.052690429687500005	15.344890136718751	1.81302978515625	-161.2548828125	-250.0	-169.8760986328125
5.727	-0.8478369140625001	15.893349609375	1.561552734375	-173.31695556640625	-250.0	-178.7109375
5.739	-1.2789404296875	16.3196630859375	1.37234619140625	-169.77691650390625	-193.4814453125	-220.40557861328125
5.751	-1.39869140625	16.245417480468753	1.22625	-154.3121337890625	-121.08612060546875	-250.0
5.765	-1.3555810546875	15.2658544921875	1.0969189453125001	-130.37872314453125	-90.14892578125	-250.0
5.777	-1.1543994140625	14.358142089843751	1.101708984375	-109.06219482421875	-101.62353515625	-250.0
5.79	-0.9268725585937501	13.59173583984375	1.17595458984375	-95.2606201171875	-145.43914794921875	-250.0
5.803	-0.83586181640625	12.87322998046875	0.8190966796875	-88.165283203125	-200.98876953125	-250.0
5.816	-0.9436376953125001	12.351115722656251	0.6658154296875001	-78.42254638671875	-250.0	-250.0
5.828	-0.85023193359375	12.41578125	0.88855224609375	-75.37841796875	-250.0	-250.0
5.84	-0.6945556640625	13.19895263671875	1.16158447265625	-83.953857421875	-250.0	-250.0
5.854	-0.43828857421875	13.0911767578125	0.6945556640625	-90.8050537109375	-250.0	-243.0267333984375
5.866	-0.7616162109375001	12.798984375	0.67060546875	-91.37725830078125	-250.0	-236.83929443359375
5.878	-0.51971923828125	12.868439941406251	0.7472460937500001	-91.80450439453125	-250.0	-236.64093017578125
5.891	-0.3975732421875	12.76784912109375	0.9795629882812501	-97.69439697265625	-250.0	-231.49871826171875
5.904	-0.50055908203125	12.798984375	1.542392578125	-109.67254638671875	-250.0	-234.9090576171875
5.916	-0.22752685546875	13.153447265625001	1.59029296875	-129.1351318359375	-250.0	-237.95318603515625
5.928	-0.18441650390625	12.252919921875	0.6083349609375001	-131.26373291015625	-241.2567138671875	-224.57122802734375
5.941	-0.9196875	11.371552734375001	0.3879931640625	-117.37060546875	-247.07794189453125	-219.47479248046875
5.953	-1.4178515625	10.89494384765625	0.28740234375	-100.494384765625	-250.0	-223.53363037109375
5.966	-1.41545654296875	10.92368408203125	0.6035449218750001	-94.20013427734375	-250.0	-225.89111328125
5.979	-1.1639794921875	11.51764892578125	1.120869140625	-105.23223876953125	-250.0	-225.64697265625
5.992	-0.62031005859375	12.0948486328125	1.44419677734375	-134.7503662109375	-250.0	-221.74072265625
6.004	-0.277822265625	12.487631835937501	1.30049560546875	-164.87884521484375	-250.0	-215.72113037109375
6.017	0.13172607421875002	13.3115185546875	0.9795629882812501	-178.15399169921875	-250.0	-205.657958984375
6.029	0.17962646484375	14.312636718750001	1.09452392578125	-179.48150634765625	-250.0	-186.4166259765625
6.041	0.9651928710937501	14.6144091796875	-0.70174072265625	-169.952392578125	-227.8594970703125	-173.8433837890625
6.054	-4.684658203125	14.109060058593752	1.3699511718750002	-127.47955322265625	-245.62835693359375	-171.600341796875
6.067	19.61940124511719	16.01549560546875	-19.62	26.98516845703125	-40.863037109375	-122.0703125
6.079	-16.096926269531252	14.75571533203125	2.3710693359375	96.70257568359375	-210.44921875	-128.509521484375
6.092	-13.368999023437501	15.11017822265625	9.84113525390625	160.125732421875	-59.48638916015625	-103.21807861328125
6.105	-2.2537133789062502	13.230087890625	3.18777099609375	-124.908447265625	-182.44171142578125	-244.10247802734375
6.118	-6.9958520507812505	10.86620361328125	2.05732177734375	-250.0	-250.0	-250.0
6.13	-5.9779687500000005	12.6696533203125	2.06690185546875	-250.0	-250.0	-250.0
6.144	0.89813232421875	13.153447265625001	-1.93757080078125	-250.0	-250.0	-250.0
6.156	5.879772949218751	11.47932861328125	-5.958808593750001	-250.0	-250.0	-250.0
6.168	4.17451904296875	9.49146240234375	-5.453459472656251	-113.525390625	-250.0	-231.65130615234375
6.18	0.40954833984375	10.621911621093751	-1.65974853515625	27.7099609375	-189.14794921875	-175.872802734375
6.193	-1.149609375	13.572575683593751	1.7962646484375	77.12554931640625	-200.23345947265625	-141.9219970703125
6.205	-1.9303857421875001	16.25978759765625	3.9230419921875	29.07562255859375	-250.0	-132.50732421875
6.218	-4.88344482421875	16.8848876953125	5.580395507812501	-79.193115234375	-250.0	-166.8853759765625
6.231	-5.21874755859375	16.199912109375	3.9541772460937503	-195.53375244140625	-250.0	-243.43109130859375
6.244	-2.6584716796875	15.8262890625	1.312470703125	-250.0	-250.0	-250.0
6.256	0.9220825195312501	16.293317871093752	-0.21555175781250002	-250.0	-250.0	-250.0
6.268	2.38783447265625	16.678916015625	-0.33290771484375004	-250.0	-250.0	-250.0
6.281	2.692001953125	17.31359619140625	-0.06466552734375	-229.16412353515625	-233.36029052734375	-212.45574951171875
6.293	1.4801220703125	17.9770166015625	0.85502197265625	-168.26629638671875	-137.39013671875	-144.4244384765625
6.305	-0.23710693359375	18.403330078125002	1.6238232421875	-134.3536376953125	-70.41168212890625	-139.25933837890625
6.318	-2.9554541015625	17.7470947265625	2.8859985351562503	-138.5345458984375	-58.38775634765625	-186.309814453125
6.331	-3.669169921875	14.68386474609375	1.99984130859375	-145.0958251953125	-110.71014404296875	-244.36187744140625
6.343	-2.78061767578125	12.12119384765625	0.74006103515625	-135.101318359375	-210.22796630859375	-250.0
6.356	-1.49688720703125	11.42184814453125	0.6873706054687501	-151.947021484375	-250.0	-250.0
6.369	-0.28500732421875	11.33083740234375	0.8214916992187501	-173.9654541015625	-250.0	-250.0
6.381	1.0154882812500001	12.55708740234375	1.044228515625	-192.047119140625	-250.0	-214.39361572265625
6.393	1.95673095703125	14.161750488281251	0.9915380859375	-198.699951171875	-250.0	-134.5672607421875
6.406	2.16509765625	16.26936767578125	1.2166699218750001	-192.3370361328125	-250.0	-68.206787109375
6.418	0.8382568359375	19.61940124511719	2.94826904296875	-186.33270263671875	-148.39935302734375	-35.46142578125
6.43	-1.92799072265625	19.476298828125	1.4178515625	-158.01239013671875	-9.83428955078125	-68.79425048828125
6.443	-3.554208984375	14.935341796875	-0.5508544921875	-87.9669189453125	114.776611328125	-187.85858154296875
6.455	-4.50024169921875	11.69488037109375	-0.7999365234375	-2.57110595703125	158.60748291015625	-250.0
6.467	-3.7793408203125	11.30688720703125	0.5604345703125	60.18829345703125	94.0704345703125	-250.0
6.478	-2.2848486328125	11.218271484375	1.5831079101562502	66.07818603515625	-51.8035888671875	-250.0
6.491	-1.4609619140625	10.061477050781251	1.44419677734375	37.567138671875	-239.0594482421875	-250.0
6.503	-0.7137158203125	9.141789550781251	0.8023315429687501	10.23101806640625	-250.0	-250.0
6.515	0.40475830078125	9.0771240234375	0.143701171875	-22.1710205078125	-250.0	-250.0
6.528	1.4801220703125	8.46639404296875	-1.25259521484375	-28.80859375	-250.0	-196.8994140625
6.54	-0.18920654296875	8.15504150390625	-0.7137158203125	-27.7557373046875	-250.0	-157.6690673828125
6.552	-0.6562353515625	9.254355468750001	0.045505371093750004	-35.30120849609375	-250.0	-178.00140380859375
6.564	-0.3592529296875	10.77519287109375	0.70174072265625	-56.7626953125	-250.0	-193.756103515625
6.577	-0.39278320312500004	12.3726708984375	1.44898681640625	-85.88409423828125	-250.0	-210.662841796875
6.589	-0.38080810546875005	14.245576171875001	2.47166015625	-122.3297119140625	-250.0	-223.4344482421875
6.601	-0.047900390625000004	14.626384277343751	1.9519409179687501	-150.56610107421875	-166.99981689453125	-245.62835693359375
6.614	0.45265869140625004	14.64554443359375	1.465751953125	-153.045654296875	-51.5594482421875	-250.0
6.625	0.28021728515625	13.90308837890625	1.0370434570312501	-137.054443359375	43.8995361328125	-250.0
6.637	0.0622705078125	13.033696289062501	0.6370751953125	-104.766845703125	105.0872802734375	-250.0
6.648	0.0335302734375	13.249248046875001	0.8406518554687501	-69.93865966796875	114.654541015625	-250.0
6.661	-0.98914306640625	12.3726708984375	0.79275146484375	-37.36114501953125	75.73699951171875	-248.7945556640625
6.672	-1.8226098632812502	11.82421142578125	0.86939208984375	-8.087158203125	18.65386962890625	-250.0
6.684	-1.44898681640625	13.105546875	1.17116455078125	8.91876220703125	-66.314697265625	-248.31390380859375
6.696	-1.89446044921875	13.819262695312501	1.18553466796875	22.3541259765625	-175.6591796875	-230.8502197265625
6.709	-1.97589111328125	14.801220703125	0.73048095703125	42.10662841796875	-250.0	-222.7325439453125
6.721	-1.4729370117187501	15.764018554687501	1.09931396484375	67.4896240234375	-250.0	-195.49560546875
6.733	-2.55548583984375	14.57848388671875	1.33881591796875	57.38067626953125	-250.0	-221.435546875
6.745	-2.069296875	12.434941406250001	0.2347119140625	56.48040771484375	-250.0	-250.0
6.757	-0.26345214843750003	12.202624511718751	0.718505859375	42.90008544921875	-250.0	-250.0
6.769	1.2693603515625	11.3763427734375	0.6825805664062501	16.34979248046875	-250.0	-250.0
6.78	2.14354248046875	10.34408935546875	0.75443115234375	4.2724609375	-250.0	-226.5777587890625
6.793	2.34951416015625	9.436376953125	0.7903564453125	-8.4228515625	-250.0	-179.0618896484375
6.805	1.55197265625	8.296347656250001	0.28261230468750004	-7.2479248046875	-190.28472900390625	-144.7601318359375
6.815	0.5867797851562501	7.709567871093751	0.03113525390625	9.07135009765625	-124.0234375	-125.3204345703125
6.828	-0.4263134765625	7.668852539062501	0.09580078125000001	28.594970703125	-104.9957275390625	-120.330810546875
6.84	-1.5663427734375002	8.14067138671875	0.83107177734375	41.19873046875	-116.43218994140625	-131.683349609375
6.852	-1.4729370117187501	9.48667236328125	1.7124389648437501	33.37860107421875	-156.94427490234375	-142.73834228515625
6.864	-1.1352392578125001	10.52132080078125	1.9112255859375	8.941650390625	-217.6513671875	-137.67242431640625
6.877	-1.36755615234375	10.4614453125	1.33402587890625	-12.969970703125	-250.0	-132.72857666015625
6.889	-10.09021728515625	8.63883544921875	1.61184814453125	-33.50067138671875	-250.0	-225.94451904296875
6.901	19.61940124511719	15.591577148437501	2.1459375	12.6953125	-250.0	58.83026123046875
6.914	19.61940124511719	10.53569091796875	-7.95864990234375	83.44268798828125	-250.0	-13.02337646484375
6.927	18.867963867187502	10.8685986328125	-11.62781982421875	158.8287353515625	-250.0	-53.7567138671875
6.938	1.4130615234375001	12.82053955078125	3.99249755859375	138.885498046875	-250.0	-18.18084716796875
6.95	-1.96152099609375	10.624306640625	5.9348583984375	79.2083740234375	-173.66790771484375	38.87176513671875
6.962	4.7900390625	7.814948730468751	-1.8824853515625002	41.2750244140625	-117.73681640625	39.95513916015625
6.974	-5.307363281250001	6.7228198242187505	4.66310302734375	23.27728271484375	-97.60284423828125	10.32257080078125
6.985	1.9351757812500001	6.82820068359375	-0.74006103515625	11.63482666015625	-25.3448486328125	-7.48443603515625
6.996	-1.99265625	6.48810791015625	2.56506591796875	1.45721435546875	-80.74951171875	-8.331298828125
7.008	1.12805419921875	6.09053466796875	1.6046630859375002	0.40435791015625	-32.17315673828125	-1.922607421875
7.018	16.185541992187503	5.273833007812501	-0.047900390625000004	-2.01416015625	53.070068359375	60.8062744140625
7.03	14.453942871093751	8.899892578125	-0.613125	-9.82666015625	127.105712890625	77.362060546875
7.042	8.1861767578125	9.61600341796875	1.5926879882812501	-15.60211181640625	-4.8065185546875	17.66204833984375
7.054	3.5398388671875	8.669970703125001	3.21651123046875	-21.0723876953125	-78.07159423828125	13.95416259765625
7.065	3.61887451171875	7.256909179687501	1.6262182617187502	-22.491455078125	-52.30712890625	13.37432861328125
7.075	3.1662158203125004	6.67970947265625	1.97589111328125	-5.5084228515625	-3.04412841796875	2.8533935546875
7.088	4.7469287109375005	7.8604541015625005	2.9626391601562503	-8.11004638671875	65.37628173828125	-9.9639892578125
7.099	5.82708251953125	8.602910156250001	2.404599609375	-26.03912353515625	100.88348388671875	-20.77484130859375
7.111	6.7874853515625	8.92144775390625	1.52083740234375	-21.75140380859375	125.274658203125	-16.05224609375
7.122	4.342170410156251	8.444838867187501	2.462080078125	-19.84405517578125	166.168212890625	-14.21356201171875
7.134	2.92431884765625	8.14306640625	2.806962890625	-19.26422119140625	200.87432861328125	-24.87945556640625
7.146	2.85486328125	7.999365234375	2.3303540039062502	-18.65386962890625	177.093505859375	-26.22222900390625
7.157	2.481240234375	7.743098144531251	2.62254638671875	4.21142578125	131.7596435546875	-12.67242431640625
7.169	3.89669677734375	7.7933935546875	2.9099487304687504	27.984619140625	103.21807861328125	-13.54217529296875
7.18	4.9433203125	8.3394580078125	4.21283935546875	32.98187255859375	84.31243896484375	-19.71435546875
7.191	5.1061816406250005	8.27479248046875	4.991220703125	16.0675048828125	101.531982421875	-22.2320556640625
7.203	4.80201416015625	7.98978515625	4.6607080078125005	-5.91278076171875	118.0267333984375	-21.3165283203125
7.215	2.77582763671875	7.63771728515625	3.7242553710937503	-19.72198486328125	126.04522705078125	-21.84295654296875
7.226	3.4081127929687502	7.608977050781251	2.6800268554687503	-17.608642578125	124.01580810546875	-17.0135498046875
7.238	1.2406201171875	8.05924072265625	3.6883300781250004	-7.6141357421875	103.3477783203125	-8.544921875
7.248	3.05843994140625	8.475974121093751	2.05732177734375	4.84466552734375	138.2598876953125	-13.153076171875
7.26	2.3135888671875002	8.41130859375	3.8416113281250004	-0.18310546875	126.495361328125	-29.80804443359375
7.272	3.92543701171875	8.19336181640625	5.6953564453125	-18.157958984375	173.33221435546875	-43.34259033203125
7.283	4.569697265625	8.16462158203125	4.14577880859375	-41.8701171875	249.99237060546875	-50.83465576171875
7.296	3.8176611328125003	8.21970703125	2.38783447265625	-59.51690673828125	249.99237060546875	-56.08367919921875
7.307	1.9854711914062502	8.1861767578125	3.5589990234375	-68.4967041015625	249.99237060546875	-50.9185791015625
7.319	3.9709423828125003	7.6257421875	1.5831079101562502	-67.32940673828125	249.99237060546875	-34.78240966796875
7.33	2.77822265625	7.515571289062501	2.3974145507812503	-49.72076416015625	249.99237060546875	-9.5367431640625
7.342	0.3113525390625	6.871311035156251	3.2141162109375	-32.03582763671875	249.99237060546875	6.103515625
7.353	2.5770410156250003	6.81383056640625	1.829794921875	-23.6053466796875	249.99237060546875	8.9111328125
7.364	-1.025068359375	5.9635986328125	4.0954833984375005	-23.04840087890625	249.99237060546875	8.82720947265625
7.375	-0.05748046875	5.54447021484375	2.29921875	-31.27288818359375	249.99237060546875	-10.50567626953125
7.387	-3.0823901367187503	5.846242675781251	3.4631982421875	-63.812255859375	249.99237060546875	-54.81719970703125
7.399	-3.67635498046875	6.22705078125	2.77103759765625	-107.64312744140625	249.99237060546875	-82.84759521484375
7.411	-1.0753637695312501	5.82229248046875	0.5053491210937501	-137.054443359375	152.47344970703125	-67.7947998046875
7.422	-0.4071533203125	5.027145996093751	-0.3784130859375	-127.3956298828125	17.9901123046875	-27.1148681640625
7.434	0.32332763671875003	4.136198730468751	-1.542392578125	-82.20672607421875	-18.37158203125	18.44024658203125
7.445	2.0836669921875	3.8655615234375	-3.17340087890625	-9.2620849609375	-8.30841064453125	63.3087158203125
7.456	0.7807763671875	4.3445654296875	-2.2369482421875	73.516845703125	22.28546142578125	104.827880859375
7.469	1.08973388671875	5.51572998046875	-1.829794921875	137.62664794921875	61.126708984375	136.993408203125
7.479	-0.31853759765625	7.0940478515625	0.09819580078125001	173.1109619140625	49.01123046875	165.33660888671875
7.491	-0.83107177734375	8.535849609375001	1.101708984375	177.36053466796875	21.0418701171875	185.9588623046875
7.503	-1.2166699218750001	9.48667236328125	1.3172607421875	165.9088134765625	-31.5093994140625	192.840576171875
7.515	-2.8788134765625	8.92144775390625	1.4897021484375002	156.7535400390625	-67.05474853515625	169.525146484375
7.527	-2.9746142578125	8.49513427734375	0.910107421875	161.88812255859375	-45.7916259765625	104.98809814453125
7.538	-0.5412744140625	10.79914306640625	1.6429833984375002	153.9764404296875	-15.13671875	59.83734130859375
7.549	-0.0383203125	12.276870117187501	2.3902294921875002	139.18304443359375	8.60595703125	71.4569091796875
7.561	1.37953125	13.294753417968751	1.5950830078125	132.75909423828125	56.45751953125	101.8218994140625
7.572	0.7328759765625	13.32828369140625	1.1831396484375	143.9208984375	110.84747314453125	137.237548828125
7.583	0.00718505859375	13.1103369140625	0.61552001953125	170.99761962890625	186.98883056640625	154.0679931640625
7.596	-0.229921875	13.608500976562501	0.8669970703125001	189.01824951171875	247.99346923828125	154.78515625
7.607	-1.18074462890625	14.267131347656251	2.42615478515625	179.7943115234375	249.99237060546875	155.5938720703125
7.619	-1.1543994140625	14.552138671875001	3.1470556640625	141.2353515625	249.99237060546875	159.0423583984375
7.631	-0.8646020507812501	14.76529541015625	3.3554223632812503	86.7767333984375	249.99237060546875	164.9017333984375
7.644	-1.68369873046875	19.3565478515625	6.4569726562500005	151.66473388671875	227.45513916015625	245.64361572265625
7.655	-0.55324951171875	14.3365869140625	4.3948608398437505	123.809814453125	195.0225830078125	240.8905029296875
7.667	-5.05828125	14.760505371093751	7.12518310546875	59.1278076171875	249.99237060546875	204.20074462890625
7.678	-2.634521484375	14.08510986328125	4.342170410156251	-54.0618896484375	249.99237060546875	136.34490966796875
7.691	-3.515888671875	12.794194335937501	3.96854736328125	-108.77227783203125	249.99237060546875	82.6416015625
7.703	-2.08606201171875	12.710368652343751	3.1949560546875	-127.20489501953125	249.99237060546875	65.23895263671875
7.715	-0.89334228515625	12.252919921875	1.7100439453125	-124.94659423828125	249.99237060546875	73.2421875
7.727	0.8813671875000001	12.604987792968751	0.09819580078125001	-109.1156005859375	249.99237060546875	100.40283203125
7.739	-0.05987548828125	11.769125976562501	-0.5987548828125	-73.58551025390625	249.99237060546875	130.40924072265625
7.751	-4.0619531250000005	11.551179199218751	2.040556640625	-21.942138671875	249.99237060546875	135.19287109375
7.762	-2.93150390625	13.85997802734375	1.5543676757812501	28.75518798828125	180.999755859375	129.05120849609375
7.774	-5.307363281250001	12.6600732421875	2.9195288085937503	135.9405517578125	38.41400146484375	129.0130615234375
7.786	-5.5612353515625	11.735595703125	3.8655615234375	138.24462890625	-121.27685546875	65.55938720703125
7.798	-7.61855712890625	12.12119384765625	7.56586669921875	90.30914306640625	-196.9451904296875	-13.25225830078125
7.811	-3.1063403320312504	10.825488281250001	4.79722412109375	18.9361572265625	-229.827880859375	-86.12823486328125
7.823	-0.44307861328125003	9.01724853515625	2.66086669921875	-22.9644775390625	-250.0	-136.08551025390625
7.836	-2.6967919921875003	7.8508740234375	5.1684521484375	-42.79327392578125	-221.30584716796875	-159.454345703125
7.847	0.124541015625	7.55149658203125	4.397255859375	-53.50494384765625	-101.5472412109375	-160.5987548828125
7.86	4.2104443359375	7.882009277343751	2.5147705078125	-63.6138916015625	-6.47735595703125	-130.42449951171875
7.871	0.5221142578125	8.377778320312501	5.336103515625	-75.2716064453125	56.19049072265625	-87.95166015625
7.882	2.20581298828125	9.321416015625001	3.97333740234375	-93.0023193359375	142.14324951171875	-52.40631103515625
7.895	1.09931396484375	8.9286328125	3.3626074218750004	-113.22021484375	165.09246826171875	-36.47613525390625
7.907	-2.289638671875	9.11304931640625	4.58646240234375	-121.57440185546875	183.98284912109375	-53.314208984375
7.919	-1.1064990234375	9.290280761718751	3.3386572265625003	-120.758056640625	199.9664306640625	-86.49444580078125
7.931	-0.5316943359375	9.93693603515625	2.68481689453125	-112.274169921875	171.76055908203125	-112.0452880859375
7.944	-2.2848486328125	10.07105712890625	3.5110986328125002	-88.37890625	124.969482421875	-129.974365234375
7.956	-1.7459692382812502	10.66502197265625	3.3961376953125	-58.78448486328125	84.625244140625	-134.92584228515625
7.968	-0.067060546875	11.256591796875	2.1507275390625002	-21.6827392578125	37.872314453125	-135.65826416015625
7.98	-1.3172607421875	10.82788330078125	2.7638525390625	24.13177490234375	-20.6298828125	-144.3023681640625
7.992	-1.274150390625	11.927197265625	4.1218286132812505	58.3038330078125	-65.8111572265625	-156.2042236328125
8.004	0.51971923828125	12.67683837890625	3.9972875976562503	71.380615234375	-119.1864013671875	-152.3590087890625
8.015	0.09580078125000001	12.748688964843751	5.360053710937501	74.249267578125	-169.04449462890625	-147.69744873046875
8.028	0.6370751953125	12.10921875	5.206772460937501	66.4825439453125	-180.90057373046875	-138.69476318359375
8.039	2.02379150390625	9.426796875	3.7673657226562502	30.86090087890625	-156.2957763671875	-104.43115234375
8.051	1.8106347656250001	9.374106445312501	3.3889526367187504	12.8326416015625	-95.21484375	-66.45965576171875
8.064	-4.7469287109375005	2.71834716796875	-7.81015869140625	133.15582275390625	-79.58984375	-32.69195556640625
8.076	-1.73159912109375	15.38800048828125	6.6725244140625	249.99237060546875	-200.20294189453125	8.70513916015625
8.088	-2.31598388671875	13.345048828125	5.316943359375	244.1558837890625	-250.0	10.07080078125
8.1	-4.071533203125	11.9894677734375	5.3983740234375	227.7984619140625	-250.0	-35.54534912109375
8.113	-4.4547363281250005	11.977492675781251	5.9516235351562505	191.67327880859375	-250.0	-111.91558837890625
8.125	-2.615361328125	10.7919580078125	4.96966552734375	125.02288818359375	-250.0	-211.090087890625
8.136	0.46223876953125004	10.49737060546875	4.31103515625	65.04058837890625	-250.0	-250.0
8.148	2.82372802734375	9.71419921875	4.828359375000001	5.47027587890625	-165.09246826171875	-250.0
8.16	5.64985107421875	8.69631591796875	4.821174316406251	-85.26611328125	13.74053955078125	-184.5855712890625
8.172	5.393583984375001	5.29538818359375	1.542392578125	-63.43841552734375	146.1029052734375	-24.87945556640625
8.183	3.00095947265625	7.3886352539062505	-0.4454736328125	-89.37835693359375	249.99237060546875	54.96978759765625
8.195	2.059716796875	9.15136962890625	-0.7664062500000001	-57.8765869140625	249.99237060546875	73.95172119140625
8.207	-1.6262182617187502	10.4374951171875	1.3531860351562501	-46.9818115234375	249.99237060546875	99.26605224609375
8.219	-0.6658154296875001	14.04678955078125	0.7664062500000001	-67.5048828125	249.99237060546875	91.2322998046875
8.23	-1.561552734375	14.877861328125	2.385439453125	-31.50177001953125	249.99237060546875	92.44537353515625
8.243	-1.6046630859375002	14.530583496093751	1.120869140625	-22.03369140625	249.99237060546875	91.36962890625
8.255	-5.419929199218751	12.6121728515625	2.8021728515625	-15.92254638671875	151.0162353515625	58.8531494140625
8.265	-3.7242553710937503	10.6482568359375	1.55197265625	-1.19781494140625	64.78118896484375	30.792236328125
8.278	-2.9267138671875	9.340576171875	1.2789404296875	10.62774658203125	-45.257568359375	25.91705322265625
8.289	-4.3541455078125	9.053173828125	2.66086669921875	4.9285888671875	-112.38861083984375	0.9002685546875
8.301	-1.7842895507812502	8.966953125	1.41545654296875	-17.06695556640625	-158.40911865234375	-38.9862060546875
8.313	-4.11703857421875	11.04343505859375	-1.6621435546875	23.1475830078125	-129.8980712890625	-108.45184326171875
8.325	1.2406201171875	7.29283447265625	0.39278320312500004	146.55303955078125	-89.4775390625	-146.24786376953125
8.337	2.29682373046875	5.795947265625	2.1339624023437502	132.415771484375	-182.80029296875	8.2550048828125
8.348	-1.32444580078125	6.90005126953125	2.059716796875	111.35101318359375	-218.5516357421875	22.2625732421875
8.359	0.047900390625000004	8.40412353515625	2.10522216796875	121.52862548828125	-236.44256591796875	34.0423583984375
8.371	0.050295410156250005	10.18601806640625	2.6369165039062503	122.589111328125	-250.0	61.7828369140625
8.383	-1.1352392578125001	12.8995751953125	4.129013671875001	106.97174072265625	-250.0	59.08203125
8.394	0.41194335937500004	15.1413134765625	3.2692016601562504	98.052978515625	-250.0	61.82098388671875
8.406	-0.20357666015625	14.50423828125	3.56618408203125	92.55218505859375	-250.0	51.42974853515625
8.417	0.40236328125000004	13.230087890625	4.033212890625	74.432373046875	-250.0	33.28704833984375
8.428	2.6584716796875	11.86013671875	2.7830126953125003	58.65478515625	-248.3367919921875	41.35894775390625
8.44	2.0645068359375003	11.0027197265625	3.879931640625	42.13714599609375	-173.248291015625	63.0035400390625
8.452	2.8165429687500003	12.02060302734375	2.86683837890625	34.24072265625	-100.76904296875	94.3450927734375
8.463	1.35797607421875	12.88760009765625	3.9613623046875004	15.90728759765625	-63.80462646484375	116.87469482421875
8.474	-0.047900390625000004	11.51764892578125	3.72904541015625	-0.41961669921875	-39.9017333984375	119.88067626953125
8.485	0.28740234375	10.832673339843751	3.2715966796875002	-12.908935546875	-37.872314453125	113.0218505859375
8.497	0.023950195312500002	10.86380859375	3.9302270507812502	-34.3017578125	-43.43414306640625	109.222412109375
8.508	0.81670166015625	11.3380224609375	3.4919384765625003	-56.12945556640625	-24.13177490234375	103.09600830078125
8.519	1.427431640625	11.92959228515625	3.5853442382812504	-75.5157470703125	2.7008056640625	100.16632080078125
8.531	1.599873046875	11.98228271484375	3.8511914062500003	-91.65191650390625	38.88702392578125	112.37335205078125
8.543	2.11480224609375	12.628937988281251	3.88232666015625	-112.5335693359375	72.76153564453125	130.8746337890625
8.555	1.5064672851562502	13.12710205078125	4.8068041992187505	-139.373779296875	99.884033203125	144.09637451171875
8.567	1.7507592773437501	13.13189208984375	4.22720947265625	-183.10546875	133.96453857421875	156.97479248046875
8.579	1.51365234375	13.8767431640625	3.83921630859375	-209.52606201171875	163.26141357421875	167.1600341796875
8.591	0.8382568359375	13.1582373046875	4.665498046875	-250.0	187.7288818359375	155.98297119140625
8.603	0.67060546875	10.4470751953125	3.30273193359375	-250.0	173.28643798828125	158.05816650390625
8.614	-0.17004638671875	9.335786132812501	1.19990478515625	-250.0	154.4036865234375	141.5252685546875
8.627	-0.4646337890625	5.4558544921875	1.5926879882812501	-250.0	147.76611328125	121.9940185546875
8.638	1.09452392578125	4.8666796875000005	3.3865576171875	-250.0	91.91131591796875	137.969970703125
8.65	-1.2334350585937501	19.61940124511719	2.11001220703125	-250.0	23.68927001953125	159.73663330078125
8.662	-3.2955468750000003	13.06004150390625	0.49576904296875	-211.6546630859375	-13.66424560546875	135.711669921875
8.674	-0.70174072265625	11.620634765625	1.8010546875000002	-195.2056884765625	-8.148193359375	97.23663330078125
8.685	0.10298583984375001	10.0447119140625	0.55803955078125	-194.15283203125	22.3388671875	51.1627197265625
8.696	1.13284423828125	10.375224609375001	1.9351757812500001	-189.727783203125	81.88629150390625	50.72021484375
8.71	-1.1687695312500002	-2.0980371093750003	-6.7204248046875	-144.83642578125	191.986083984375	20.51544189453125
8.721	5.84145263671875	15.608342285156251	5.38400390625	-191.4215087890625	218.39141845703125	78.11737060546875
8.733	-2.806962890625	18.135087890625	9.98483642578125	-170.47119140625	249.99237060546875	50.81939697265625
