Time	ax	ay	az	gx\gy\gz
0.014	-0.11017089843750001	0.047900390625000004	9.6519287109375	-0.213623046875	-1.62506103515625	-0.08392333984375
0.023	0.0047900390625	0.01676513671875	9.77886474609375	-0.08392333984375	-1.76239013671875	-0.06103515625
0.031	-0.0335302734375	-0.026345214843750003	9.85550537109375	-0.35858154296875	-1.09100341796875	0.0152587890625
0.04	-0.05987548828125	0.050295410156250005	9.78365478515625	-0.12969970703125	-0.63323974609375	0.08392333984375
0.049	-0.0383203125	0.05987548828125	9.78365478515625	-0.1983642578125	0.030517578125	0.00762939453125
0.057	-0.05748046875	0.07424560546875	9.78844482421875	-0.19073486328125	0.5340576171875	0.18310546875
0.066	-0.08382568359375	0.04071533203125	9.829160156250001	-0.0762939453125	1.04522705078125	0.06866455078125
0.074	-0.09580078125000001	0.03113525390625	9.762099609375001	0.0152587890625	0.3509521484375	-0.1220703125
0.082	-0.09101074218750001	0.11017089843750001	9.877060546875	-0.1068115234375	-0.1983642578125	0.091552734375
0.092	-0.0431103515625	0.0814306640625	9.73096435546875	-0.1373291015625	-0.60272216796875	0.08392333984375
0.101	-0.0383203125	0.07424560546875	9.800419921875001	-0.11444091796875	-0.5035400390625	0.02288818359375
0.109	0.0335302734375	0.06466552734375	9.8243701171875	-0.26702880859375	0.20599365234375	0.1220703125
0.118	-0.026345214843750003	0.0718505859375	9.829160156250001	-0.0762939453125	0.92315673828125	0.09918212890625
0.126	-0.10777587890625001	0.03592529296875	9.647138671875	0.09918212890625	0.57220458984375	0.1220703125
0.136	0.03113525390625	0.0622705078125	9.85071533203125	-0.1678466796875	0.93841552734375	0.0152587890625
0.144	-0.047900390625000004	0.0143701171875	9.889035644531251	-0.03814697265625	0.4425048828125	0.05340576171875
0.152	-0.050295410156250005	0.047900390625000004	9.649533691406251	-0.25177001953125	-0.1983642578125	0.11444091796875
0.161	-0.0335302734375	0.0335302734375	9.781259765625	-0.274658203125	0.05340576171875	0.0457763671875
0.169	-0.076640625	0.0383203125	9.915380859375	-0.2593994140625	-0.2288818359375	-0.06103515625
0.178	-0.0335302734375	0.052690429687500005	9.807604980468751	-0.1373291015625	-0.48828125	0.05340576171875
0.187	-0.0431103515625	0.067060546875	9.75251953125	0.03814697265625	-0.02288818359375	0.29754638671875
0.195	-0.0718505859375	0.11017089843750001	9.742939453125	0.030517578125	0.37384033203125	0.030517578125
0.203	-0.14609619140625002	0.047900390625000004	9.7716796875	-0.152587890625	-0.8087158203125	-0.06866455078125
0.214	-0.01916015625	0.0814306640625	9.769284667968751	-0.00762939453125	-0.9613037109375	-0.09918212890625
0.222	-0.09101074218750001	-0.00239501953125	9.740544433593751	-0.2288818359375	-0.3204345703125	0.0762939453125
0.231	-0.06466552734375	0.04071533203125	9.77886474609375	-0.08392333984375	-0.396728515625	0.06866455078125
0.24	0.009580078125	0.08861572265625	9.80281494140625	-0.16021728515625	-0.96893310546875	-0.03814697265625
0.249	-0.18920654296875	0.05987548828125	9.776469726562501	-0.2899169921875	-1.56402587890625	0.1373291015625
0.259	0.25387207031250003	0.03592529296875	9.536967773437501	-0.0762939453125	-1.4190673828125	0.00762939453125
0.268	-0.0047900390625	0.03592529296875	9.7189892578125	-0.23651123046875	0.22125244140625	-0.0152587890625
0.276	-0.0814306640625	0.050295410156250005	9.7573095703125	0.1068115234375	-0.8392333984375	0.091552734375
0.285	-0.27063720703125	-0.00718505859375	10.01357666015625	-0.518798828125	-1.02996826171875	-0.06866455078125
0.294	0.00239501953125	0.047900390625000004	9.75012451171875	-0.0762939453125	-0.80108642578125	-0.00762939453125
0.304	0.10059082031250001	0.03592529296875	9.70701416015625	-0.02288818359375	0.08392333984375	-0.1373291015625
0.312	0.14609619140625002	0.02155517578125	9.8243701171875	-0.18310546875	0.78582763671875	0.0152587890625
0.32	0.0	0.0622705078125	9.77407470703125	-0.08392333984375	1.15203857421875	0.152587890625
0.329	-0.023950195312500002	0.01676513671875	9.7668896484375	-0.0457763671875	1.0223388671875	-0.0152587890625
0.337	-0.18202148437500001	0.09101074218750001	9.89382568359375	-0.06866455078125	-0.0152587890625	-0.06866455078125
0.347	-0.17244140625	0.028740234375	9.896220703125001	-0.244140625	-0.89263916015625	-0.00762939453125
0.356	0.00718505859375	0.0431103515625	9.8435302734375	0.0152587890625	-0.61798095703125	-0.0457763671875
0.364	-0.01676513671875	0.06945556640625	9.742939453125	-0.22125244140625	-0.17547607421875	0.2288818359375
0.373	0.12214599609375	0.0622705078125	9.742939453125	-0.030517578125	0.74005126953125	-0.03814697265625
0.381	0.01676513671875	0.05987548828125	9.77407470703125	-0.20599365234375	1.10626220703125	0.14495849609375
0.391	-0.10538085937500001	0.055085449218750006	9.75970458984375	-0.244140625	0.46539306640625	0.03814697265625
0.399	-0.19399658203125	0.028740234375	9.90580078125	-0.23651123046875	-0.12969970703125	0.030517578125
0.408	-0.22273681640625	0.05987548828125	9.78365478515625	-0.1373291015625	-0.79345703125	0.08392333984375
0.417	-0.02155517578125	0.05987548828125	9.781259765625	-0.08392333984375	-0.26702880859375	0.03814697265625
0.427	0.026345214843750003	0.028740234375	9.647138671875	-0.00762939453125	0.4730224609375	0.0152587890625
0.434	0.045505371093750004	-0.011975097656250001	9.7381494140625	-0.1068115234375	0.67138671875	0.0762939453125
0.443	-0.026345214843750003	0.047900390625000004	9.7956298828125	-0.17547607421875	0.762939453125	0.09918212890625
0.451	-0.01676513671875	0.05748046875	9.819580078125	-0.2288818359375	0.3509521484375	0.00762939453125
0.46	-0.16046630859375	0.11017089843750001	9.980046386718751	-0.42724609375	-0.11444091796875	-0.06103515625
0.47	-0.14609619140625002	0.03113525390625	9.85071533203125	-0.1220703125	-0.67138671875	0.030517578125
0.478	0.0	0.14130615234375002	9.7716796875	-0.26702880859375	-0.52642822265625	0.11444091796875
0.487	-0.0383203125	0.067060546875	9.74533447265625	-0.1068115234375	0.11444091796875	0.091552734375
0.495	0.09340576171875001	0.076640625	9.81239501953125	0.1983642578125	0.6561279296875	-0.00762939453125
0.504	-0.0383203125	0.0047900390625	9.77886474609375	-0.091552734375	0.6866455078125	0.091552734375
0.513	-0.08382568359375	0.0143701171875	9.7860498046875	-0.11444091796875	0.42724609375	0.0152587890625
0.521	-0.162861328125	0.06945556640625	9.93214599609375	-0.12969970703125	-0.1983642578125	-0.06866455078125
0.531	-0.08382568359375	0.050295410156250005	9.874665527343751	-0.11444091796875	-0.75531005859375	-0.0762939453125
0.539	0.02155517578125	0.10777587890625001	9.747729492187501	-0.06866455078125	-0.0762939453125	0.11444091796875
0.548	0.09819580078125001	0.076640625	9.72617431640625	-0.11444091796875	0.30517578125	0.11444091796875
0.557	0.04071533203125	0.05987548828125	9.793234863281251	-0.244140625	0.51116943359375	0.03814697265625
0.566	-0.0718505859375	0.067060546875	9.69743408203125	-0.1678466796875	0.35858154296875	-0.1220703125
0.575	-0.11735595703125	0.03592529296875	9.747729492187501	-0.02288818359375	-0.38909912109375	0.1373291015625
0.583	-0.10059082031250001	0.045505371093750004	9.81718505859375	0.08392333984375	-0.69427490234375	0.06103515625
0.592	-0.04071533203125	0.09340576171875001	9.7573095703125	0.06866455078125	-0.40435791015625	0.12969970703125
0.601	-0.09819580078125001	0.050295410156250005	9.77407470703125	0.0152587890625	-0.26702880859375	0.09918212890625
0.609	-0.045505371093750004	0.045505371093750004	9.649533691406251	0.03814697265625	0.12969970703125	0.08392333984375
0.617	-0.047900390625000004	0.04071533203125	9.742939453125	0.08392333984375	-0.09918212890625	-0.0152587890625
0.626	0.03592529296875	0.011975097656250001	9.742939453125	-0.091552734375	0.1068115234375	0.02288818359375
0.633	-0.03592529296875	0.03113525390625	9.75970458984375	-0.1678466796875	0.213623046875	0.030517578125
0.643	-0.02155517578125	0.050295410156250005	9.814790039062501	-0.2593994140625	0.61798095703125	0.00762939453125
0.651	-0.023950195312500002	0.055085449218750006	9.860295410156251	-0.26702880859375	0.95367431640625	0.0152587890625
0.659	-0.011975097656250001	-0.01676513671875	9.8339501953125	0.244140625	0.6103515625	0.1220703125
0.668	-0.143701171875	0.047900390625000004	9.81	-0.213623046875	0.90789794921875	-0.22125244140625
0.677	-0.011975097656250001	0.06466552734375	9.97525634765625	-0.1373291015625	0.3509521484375	0.0762939453125
0.687	-0.05987548828125	0.0814306640625	9.76449462890625	-0.213623046875	-0.152587890625	0.091552734375
0.695	-0.00718505859375	0.00718505859375	9.80281494140625	-0.08392333984375	-0.274658203125	0.1068115234375
0.704	-0.011975097656250001	0.03113525390625	9.8722705078125	-0.26702880859375	-0.51116943359375	0.12969970703125
0.713	-0.076640625	0.055085449218750006	9.80281494140625	-0.1678466796875	-0.762939453125	-0.06866455078125
0.722	0.06945556640625	0.10059082031250001	9.8435302734375	-0.091552734375	-0.51116943359375	-0.03814697265625
0.732	-0.050295410156250005	0.050295410156250005	9.8435302734375	-0.1678466796875	-0.3814697265625	-0.00762939453125
0.74	0.01676513671875	0.03113525390625	9.762099609375001	-0.26702880859375	-0.16021728515625	0.0762939453125
0.749	-0.11256591796875001	0.045505371093750004	9.867480468750001	-0.42724609375	0.28228759765625	-0.0152587890625
0.757	-0.00718505859375	0.047900390625000004	9.762099609375001	-0.1220703125	0.41961669921875	0.12969970703125
0.766	-0.00718505859375	0.047900390625000004	9.740544433593751	-0.40435791015625	1.9378662109375	0.030517578125
0.775	-0.0335302734375	0.0047900390625	9.7716796875	-0.1983642578125	1.556396484375	-0.0457763671875
0.784	-0.04071533203125	0.050295410156250005	9.73575439453125	0.03814697265625	1.64031982421875	0.091552734375
0.792	-0.086220703125	0.01916015625	9.8435302734375	0.1678466796875	0.91552734375	0.0152587890625
0.8	-0.050295410156250005	0.06945556640625	9.740544433593751	-0.2288818359375	0.244140625	-0.12969970703125
0.809	-0.06945556640625	0.06466552734375	9.85071533203125	-0.244140625	0.23651123046875	0.030517578125
0.819	-0.01676513671875	0.0814306640625	9.819580078125	-0.1220703125	-0.3509521484375	0.02288818359375
0.828	-0.0814306640625	0.0718505859375	9.79083984375	-0.1373291015625	-0.79345703125	0.14495849609375
0.837	-0.067060546875	0.055085449218750006	9.82676513671875	-0.1068115234375	-0.99945068359375	-0.00762939453125
0.846	-0.03113525390625	0.026345214843750003	9.72138427734375	-0.12969970703125	-1.373291015625	-0.02288818359375
0.856	-0.0335302734375	0.04071533203125	9.742939453125	-0.3662109375	-1.18255615234375	-0.0152587890625
0.865	-0.052690429687500005	0.067060546875	9.7956298828125	-0.091552734375	-0.4119873046875	-0.00762939453125
0.874	-0.07903564453125	-0.01676513671875	9.800419921875001	-0.2288818359375	-1.06048583984375	0.0457763671875
0.882	-0.04071533203125	0.028740234375	9.75970458984375	-0.41961669921875	-0.3509521484375	0.06103515625
0.891	-0.10059082031250001	0.076640625	9.78365478515625	-0.0152587890625	0.579833984375	0.0152587890625
0.9	-0.03113525390625	0.045505371093750004	9.709409179687501	-0.06866455078125	0.18310546875	0.1068115234375
0.908	-0.086220703125	0.10298583984375001	9.81718505859375	0.0152587890625	0.152587890625	0.0152587890625
0.917	-0.06466552734375	0.0335302734375	9.747729492187501	-0.28228759765625	-0.4425048828125	-0.03814697265625
0.925	-0.02155517578125	0.1197509765625	9.8722705078125	0.14495849609375	-0.0152587890625	0.091552734375
0.934	-0.00239501953125	-0.01676513671875	9.75251953125	-0.19073486328125	0.00762939453125	0.0457763671875
0.943	0.0	0.0431103515625	9.69264404296875	0.030517578125	0.29754638671875	0.02288818359375
0.95	-0.08382568359375	0.05748046875	9.800419921875001	-0.1068115234375	0.1373291015625	0.02288818359375
0.958	-0.08861572265625	0.04071533203125	9.838740234375	0.0	-0.31280517578125	0.091552734375
0.966	-0.03592529296875	0.08382568359375	9.80281494140625	0.00762939453125	-0.67901611328125	-0.0457763671875
0.975	-0.52929931640625	0.00239501953125	10.1021923828125	0.12969970703125	-2.51007080078125	-0.1373291015625
0.985	-0.85023193359375	0.028740234375	10.399174804687501	-0.40435791015625	-5.51605224609375	0.17547607421875
0.994	0.42870849609375	0.06466552734375	9.474697265625	-0.0152587890625	-3.10516357421875	0.00762939453125
1.003	0.73048095703125	0.055085449218750006	9.273515625	-0.23651123046875	2.716064453125	-0.0152587890625
1.012	0.143701171875	0.067060546875	9.74533447265625	0.030517578125	5.39398193359375	-0.1068115234375
1.021	-0.6466552734375001	0.045505371093750004	10.23870849609375	0.091552734375	0.35858154296875	0.11444091796875
1.031	-0.67300048828125	0.045505371093750004	10.2171533203125	-0.0152587890625	-4.90570068359375	0.06866455078125
1.04	0.011975097656250001	0.08382568359375	9.59923828125	-0.274658203125	-2.31170654296875	-0.0457763671875
1.049	0.5676196289062501	0.0383203125	9.36692138671875	-0.2288818359375	3.8604736328125	0.1983642578125
1.058	-0.0814306640625	0.086220703125	9.733359375000001	0.091552734375	4.2724609375	0.0457763671875
1.068	-0.6825805664062501	0.08382568359375	10.219548339843751	-0.22125244140625	-0.67901611328125	0.0152587890625
1.077	-0.4742138671875	0.028740234375	10.0638720703125	-0.17547607421875	-4.76837158203125	0.05340576171875
1.086	0.51971923828125	0.0814306640625	9.290280761718751	0.0762939453125	0.274658203125	-0.1220703125
1.095	0.3879931640625	0.067060546875	9.4986474609375	-0.28228759765625	4.3487548828125	0.1373291015625
1.105	-0.30416748046875003	-0.011975097656250001	9.874665527343751	-0.28228759765625	2.20489501953125	0.0762939453125
1.115	-0.5077441406250001	0.03113525390625	10.01836669921875	-0.1373291015625	-3.41033935546875	-0.08392333984375
1.124	0.4358935546875	0.011975097656250001	9.462722167968751	-0.3662109375	-0.5950927734375	0.11444091796875
1.133	0.33769775390625	-0.00718505859375	9.49146240234375	-0.213623046875	3.63922119140625	-0.05340576171875
1.142	-0.2347119140625	0.028740234375	9.84113525390625	-0.1678466796875	2.28118896484375	-0.03814697265625
1.153	-0.51013916015625	0.050295410156250005	10.06626708984375	0.0	-2.57110595703125	0.152587890625
1.162	-0.38320312500000003	0.0814306640625	9.927355957031251	-0.32806396484375	-3.05938720703125	-0.0457763671875
1.171	0.39517822265625	0.045505371093750004	9.536967773437501	-0.18310546875	2.17437744140625	0.0762939453125
1.18	0.30177246093750004	0.05748046875	9.5944482421875	-0.03814697265625	3.13568115234375	0.11444091796875
1.189	-0.30177246093750004	0.01676513671875	9.8052099609375	0.09918212890625	0.91552734375	-0.030517578125
1.199	-0.41433837890625	0.02155517578125	10.166857910156251	-0.06103515625	-2.4261474609375	0.152587890625
1.208	0.15088623046875002	0.01916015625	9.66390380859375	-0.30517578125	-1.7852783203125	0.16021728515625
1.217	0.3400927734375	0.026345214843750003	9.568103027343751	-0.0152587890625	1.7547607421875	0.0457763671875
1.225	0.10538085937500001	0.03592529296875	9.647138671875	-0.16021728515625	2.86102294921875	0.030517578125
1.234	-0.0814306640625	0.047900390625000004	9.769284667968751	-0.2593994140625	1.79290771484375	0.05340576171875
1.244	-0.4167333984375	0.0335302734375	10.10458740234375	0.09918212890625	-1.02996826171875	0.1678466796875
1.253	0.0	0.026345214843750003	9.89861572265625	-0.18310546875	-2.15911865234375	0.0762939453125
1.261	0.20836669921875	0.07424560546875	9.60642333984375	0.0	-0.48828125	-0.030517578125
1.27	0.28500732421875	-0.01916015625	9.5657080078125	-0.00762939453125	1.8310546875	0.17547607421875
1.28	0.16525634765625	0.052690429687500005	9.63995361328125	-0.23651123046875	2.61688232421875	0.1068115234375
1.289	-0.37362304687500003	0.09819580078125001	10.07105712890625	-0.05340576171875	0.1678466796875	0.091552734375
1.298	-0.21076171875000002	0.03113525390625	9.8626904296875	-0.03814697265625	-1.73187255859375	0.152587890625
1.307	0.11735595703125	0.00239501953125	9.733359375000001	-0.091552734375	-0.87738037109375	0.0762939453125
1.316	0.239501953125	-0.00718505859375	9.627978515625001	-0.03814697265625	1.40380859375	0.0
1.325	0.04071533203125	0.0622705078125	9.742939453125	-0.2288818359375	2.02178955078125	0.091552734375
1.334	-0.3305126953125	0.0431103515625	10.0638720703125	0.1068115234375	0.67138671875	0.0762939453125
1.343	-0.3688330078125	0.052690429687500005	9.972861328125001	0.0457763671875	-1.0833740234375	0.14495849609375
1.352	-0.10538085937500001	0.08382568359375	9.8243701171875	-0.06866455078125	-1.3580322265625	-0.0762939453125
1.361	0.124541015625	0.03113525390625	9.60163330078125	-0.0457763671875	1.1138916015625	-0.06866455078125
1.371	0.15088623046875002	0.0431103515625	9.687854003906251	0.152587890625	1.7547607421875	-0.0152587890625
1.38	-0.12693603515625002	0.0718505859375	9.86508544921875	0.08392333984375	0.5340576171875	0.030517578125
1.388	-0.17244140625	-0.00718505859375	9.953701171875	-0.06866455078125	-0.66375732421875	0.02288818359375
1.398	-0.14609619140625002	0.076640625	9.87945556640625	-0.3204345703125	-1.2054443359375	0.19073486328125
1.408	0.10538085937500001	0.0431103515625	9.71180419921875	-0.1220703125	0.1983642578125	-0.08392333984375
1.417	0.0335302734375	0.0814306640625	9.77886474609375	-0.23651123046875	0.9765625	0.03814697265625
1.425	-0.13651611328125002	0.055085449218750006	9.95130615234375	-0.091552734375	0.54168701171875	0.0457763671875
1.434	-0.15567626953125	0.047900390625000004	9.89382568359375	-0.0762939453125	-0.213623046875	0.0762939453125
1.444	-0.07903564453125	0.07424560546875	9.87945556640625	-0.1983642578125	-0.946044921875	0.03814697265625
1.454	0.13412109375	0.09580078125000001	9.72138427734375	-0.14495849609375	1.1138916015625	0.20599365234375
1.463	-0.026345214843750003	0.03113525390625	9.8339501953125	-0.11444091796875	1.38092041015625	0.12969970703125
1.472	-0.18681152343750002	0.028740234375	9.934541015625001	-0.17547607421875	-0.25177001953125	0.0
1.48	-0.28740234375	0.009580078125	9.90819580078125	-0.030517578125	-1.77764892578125	0.06103515625
1.49	-0.067060546875	0.06466552734375	9.814790039062501	-0.16021728515625	-0.946044921875	0.091552734375
1.5	0.11256591796875001	0.03113525390625	9.6998291015625	-0.152587890625	1.4801025390625	0.1068115234375
1.509	-0.07424560546875	0.045505371093750004	9.742939453125	-0.030517578125	1.07574462890625	0.0457763671875
1.518	-0.26105712890625	0.08382568359375	9.98483642578125	-0.16021728515625	-0.49591064453125	-0.02288818359375
1.527	-0.00718505859375	0.047900390625000004	9.73575439453125	-0.00762939453125	-1.33514404296875	-0.00762939453125
1.537	0.15088623046875002	0.08861572265625	9.589658203125001	0.09918212890625	0.29754638671875	0.03814697265625
1.545	0.1149609375	0.06945556640625	9.695039062500001	0.0152587890625	1.06048583984375	0.09918212890625
1.554	-0.0431103515625	0.07903564453125	9.82676513671875	-0.152587890625	1.1444091796875	0.0
1.563	-0.162861328125	0.023950195312500002	9.92256591796875	-0.25177001953125	0.06103515625	0.03814697265625
1.571	-0.162861328125	0.0622705078125	9.881850585937501	0.0762939453125	-0.8544921875	0.09918212890625
1.582	-0.028740234375	0.011975097656250001	9.836345214843751	-0.1373291015625	-0.57220458984375	0.1678466796875
1.59	0.0335302734375	0.07903564453125	9.7189892578125	-0.20599365234375	0.48065185546875	0.091552734375
1.599	0.045505371093750004	0.10298583984375001	9.702224121093751	-0.08392333984375	1.16729736328125	-0.0457763671875
1.608	-0.13172607421875002	0.09580078125000001	9.80281494140625	-0.12969970703125	0.3509521484375	-0.06103515625
1.617	-0.19639160156250002	0.06945556640625	9.948911132812501	-0.091552734375	-1.21307373046875	0.0
1.628	-0.05748046875	0.05748046875	9.80281494140625	-0.1068115234375	-0.7781982421875	0.1068115234375
1.637	0.01916015625	0.0718505859375	9.742939453125	-0.091552734375	0.80108642578125	-0.05340576171875
1.646	-0.0622705078125	0.07424560546875	9.8243701171875	-0.091552734375	0.42724609375	0.03814697265625
1.655	-0.08382568359375	0.023950195312500002	9.81718505859375	-0.2288818359375	-0.58746337890625	-0.213623046875
1.665	-0.162861328125	0.023950195312500002	9.7860498046875	-0.23651123046875	-0.823974609375	0.1678466796875
1.674	0.076640625	0.011975097656250001	9.8052099609375	-0.05340576171875	-0.1678466796875	0.0
1.683	0.09819580078125001	0.04071533203125	9.762099609375001	-0.09918212890625	0.49591064453125	-0.06103515625
1.691	0.09819580078125001	0.052690429687500005	9.647138671875	-0.030517578125	1.45721435546875	0.20599365234375
1.7	-0.16046630859375	0.07903564453125	9.8339501953125	-0.19073486328125	1.3275146484375	0.05340576171875
1.71	-0.25626708984375	0.10059082031250001	9.98244140625	0.1983642578125	-0.92315673828125	0.0152587890625
1.719	-0.00718505859375	0.05987548828125	9.8243701171875	-0.17547607421875	-0.95367431640625	0.030517578125
1.728	0.19639160156250002	0.045505371093750004	9.61600341796875	0.00762939453125	0.7476806640625	0.02288818359375
1.736	0.15567626953125	0.05987548828125	9.620793457031251	-0.152587890625	1.19781494140625	0.12969970703125
1.745	0.0383203125	0.026345214843750003	9.69743408203125	-0.244140625	1.2969970703125	-0.00762939453125
1.755	-0.22513183593750002	0.05748046875	9.80281494140625	-0.28228759765625	-0.41961669921875	0.06103515625
1.764	-0.2442919921875	0.047900390625000004	9.98962646484375	-0.00762939453125	-2.00653076171875	0.06866455078125
1.773	-0.0383203125	0.07424560546875	9.867480468750001	-0.08392333984375	-1.67083740234375	-0.02288818359375
1.782	0.086220703125	0.0718505859375	9.635163574218751	0.03814697265625	1.38092041015625	0.03814697265625
1.792	-0.06945556640625	0.06945556640625	9.78365478515625	-0.18310546875	1.59454345703125	0.11444091796875
1.801	-0.19399658203125	0.028740234375	9.84592529296875	-0.1983642578125	-0.1678466796875	0.05340576171875
1.81	-0.17244140625	0.0431103515625	9.90580078125	-0.11444091796875	-1.4190673828125	-0.0457763671875
1.819	0.10298583984375001	0.023950195312500002	9.709409179687501	-0.12969970703125	-0.1220703125	0.03814697265625
1.828	0.0622705078125	0.05748046875	9.75012451171875	-0.06103515625	0.89263916015625	0.030517578125
1.837	0.055085449218750006	0.02155517578125	9.740544433593751	-0.00762939453125	0.99945068359375	0.00762939453125
1.845	-0.18441650390625	0.055085449218750006	9.781259765625	-0.1678466796875	0.7781982421875	0.02288818359375
1.854	-0.19878662109375	0.03113525390625	9.836345214843751	-0.25177001953125	-0.396728515625	-0.030517578125
1.863	-0.15328125	0.045505371093750004	9.74533447265625	-0.1068115234375	-1.190185546875	0.030517578125
1.872	0.009580078125	0.09101074218750001	9.716594238281251	0.0	-0.0152587890625	-0.02288818359375
1.882	0.08861572265625	0.09580078125000001	9.656718750000001	-0.09918212890625	0.457763671875	-0.06866455078125
1.89	-0.08382568359375	0.01676513671875	9.687854003906251	-0.457763671875	0.9765625	-0.02288818359375
1.9	-0.16525634765625	0.0143701171875	9.9393310546875	-0.02288818359375	-0.14495849609375	-0.08392333984375
1.909	-0.16046630859375	0.05748046875	9.8339501953125	-0.0152587890625	-0.69427490234375	0.1220703125
1.918	0.0047900390625	0.050295410156250005	9.77407470703125	-0.11444091796875	-0.16021728515625	0.09918212890625
1.927	0.09819580078125001	0.03113525390625	9.6902490234375	-0.2288818359375	0.46539306640625	0.030517578125
1.935	0.00239501953125	0.05748046875	9.553732910156251	-0.22125244140625	0.98419189453125	-0.0762939453125
1.944	-0.023950195312500002	0.011975097656250001	9.78365478515625	-0.1068115234375	0.52642822265625	0.030517578125
1.952	-0.19878662109375	0.05748046875	9.9249609375	-0.23651123046875	0.3204345703125	0.0457763671875
1.961	-0.143701171875	0.076640625	9.8722705078125	-0.213623046875	-0.74005126953125	0.00762939453125
1.971	-0.06945556640625	0.047900390625000004	9.80281494140625	0.06866455078125	-0.48065185546875	0.152587890625
1.98	0.052690429687500005	0.045505371093750004	9.69264404296875	-0.09918212890625	0.1373291015625	0.00762939453125
1.988	0.01676513671875	0.0	9.8243701171875	-0.23651123046875	0.5340576171875	0.00762939453125
1.996	0.028740234375	0.0335302734375	9.762099609375001	-0.22125244140625	0.640869140625	0.12969970703125
2.004	-0.05987548828125	0.0047900390625	9.702224121093751	-0.14495849609375	0.75531005859375	-0.06103515625
2.014	-0.0718505859375	0.050295410156250005	9.75012451171875	-0.0762939453125	0.46539306640625	0.0
2.023	-0.17004638671875	0.076640625	9.8339501953125	-0.31280517578125	-0.43487548828125	0.0762939453125
2.032	-0.01916015625	0.05987548828125	9.7381494140625	-0.28228759765625	-0.81634521484375	0.06103515625
2.041	-0.00239501953125	0.076640625	9.81718505859375	-0.19073486328125	0.09918212890625	0.00762939453125
2.05	-0.00239501953125	0.03592529296875	9.6902490234375	-0.40435791015625	0.52642822265625	-0.14495849609375
2.059	-0.05748046875	0.06945556640625	9.857900390625	-0.1373291015625	0.3204345703125	0.06866455078125
2.068	-0.14609619140625002	0.052690429687500005	9.79083984375	0.0152587890625	-0.32806396484375	0.02288818359375
2.077	-0.162861328125	0.06945556640625	9.896220703125001	-0.23651123046875	-0.84686279296875	0.11444091796875
2.086	0.0383203125	0.052690429687500005	9.762099609375001	-0.23651123046875	-0.34332275390625	-0.030517578125
2.095	-0.01916015625	0.026345214843750003	9.72138427734375	-0.030517578125	0.22125244140625	0.06866455078125
2.103	-0.023950195312500002	0.052690429687500005	9.68306396484375	0.05340576171875	0.51116943359375	-0.09918212890625
2.112	-0.11735595703125	-0.023950195312500002	9.93214599609375	-0.14495849609375	0.41961669921875	0.08392333984375
2.121	-0.21315673828125	0.03592529296875	9.91777587890625	0.1068115234375	-0.6256103515625	0.1068115234375
2.13	-0.05987548828125	0.052690429687500005	9.776469726562501	-0.02288818359375	-0.40435791015625	0.05340576171875
2.14	0.067060546875	0.0718505859375	9.747729492187501	-0.31280517578125	-0.17547607421875	-0.091552734375
2.149	0.0047900390625	0.07903564453125	9.702224121093751	-0.06103515625	0.83160400390625	0.05340576171875
2.157	-0.08861572265625	0.06466552734375	9.90819580078125	-0.06103515625	0.58746337890625	0.0
2.166	-0.09580078125000001	0.028740234375	9.85550537109375	-0.22125244140625	-0.35858154296875	-0.0152587890625
2.176	-0.02155517578125	0.026345214843750003	9.81718505859375	-0.35858154296875	-0.45013427734375	-0.091552734375
2.185	-0.00239501953125	0.0718505859375	9.702224121093751	-0.06866455078125	0.29754638671875	-0.08392333984375
2.193	-0.00718505859375	0.00718505859375	9.70701416015625	-0.0457763671875	0.5645751953125	0.0457763671875
2.202	-0.0383203125	-0.00718505859375	9.6327685546875	0.0457763671875	-0.12969970703125	0.14495849609375
2.21	-0.04071533203125	0.10059082031250001	9.776469726562501	-0.26702880859375	0.37384033203125	-0.02288818359375
2.22	-0.076640625	0.10059082031250001	9.881850585937501	-0.14495849609375	0.18310546875	0.09918212890625
2.229	-0.03592529296875	0.08382568359375	9.747729492187501	-0.08392333984375	0.26702880859375	0.19073486328125
2.238	-0.10777587890625001	0.0622705078125	9.81718505859375	-0.14495849609375	1.48773193359375	0.00762939453125
2.247	0.023950195312500002	-0.009580078125	9.742939453125	-0.274658203125	4.28009033203125	-0.1220703125
2.257	-0.05748046875	0.12214599609375	9.75970458984375	-0.2899169921875	3.84521484375	-0.1068115234375
2.267	-0.32572265625	0.03113525390625	9.93214599609375	-0.0457763671875	3.97491455078125	0.0
2.276	-0.09340576171875001	0.0431103515625	9.77407470703125	-0.244140625	-0.9918212890625	-0.1678466796875
2.285	-0.15328125	0.0047900390625	9.72138427734375	-0.1983642578125	-0.57220458984375	-0.11444091796875
2.295	-0.067060546875	0.047900390625000004	9.8243701171875	-0.26702880859375	-1.33514404296875	-0.1220703125
2.305	-0.11735595703125	0.067060546875	9.742939453125	0.1068115234375	-1.678466796875	-0.0457763671875
2.315	-0.0383203125	0.028740234375	9.687854003906251	-0.09918212890625	-1.1444091796875	-0.152587890625
2.324	-0.0383203125	0.047900390625000004	9.73575439453125	-0.25177001953125	0.45013427734375	0.06103515625
2.332	-0.009580078125	0.047900390625000004	9.74533447265625	-0.05340576171875	0.8087158203125	0.20599365234375
2.341	-0.047900390625000004	0.0622705078125	9.867480468750001	0.00762939453125	0.66375732421875	0.18310546875
2.35	-0.05748046875	0.04071533203125	9.821975097656251	-0.25177001953125	0.57220458984375	0.2593994140625
2.359	-0.09101074218750001	0.050295410156250005	9.836345214843751	-0.35858154296875	1.0223388671875	0.06866455078125
2.368	-0.14130615234375002	0.011975097656250001	9.86508544921875	-0.1678466796875	0.34332275390625	0.06103515625
2.376	-0.09580078125000001	0.0	9.814790039062501	-0.0152587890625	-0.29754638671875	-0.0762939453125
2.385	-0.09101074218750001	0.03113525390625	9.838740234375	-0.19073486328125	-0.1983642578125	0.0762939453125
2.395	-0.0622705078125	0.052690429687500005	9.79802490234375	-0.20599365234375	-0.274658203125	0.091552734375
2.404	-0.06466552734375	0.047900390625000004	9.6710888671875	-0.335693359375	0.3814697265625	-0.06103515625
2.413	-0.0335302734375	0.050295410156250005	9.85550537109375	-0.08392333984375	1.85394287109375	0.0152587890625
2.422	-0.09819580078125001	0.05748046875	9.867480468750001	0.14495849609375	1.5869140625	0.12969970703125
2.432	-0.052690429687500005	0.11017089843750001	9.575288085937501	0.030517578125	0.18310546875	-0.08392333984375
2.441	-0.086220703125	0.0718505859375	10.02315673828125	-0.18310546875	0.885009765625	-0.02288818359375
2.45	-0.1149609375	-0.00718505859375	9.81	-0.3204345703125	-1.15966796875	0.08392333984375
2.46	-0.0431103515625	0.076640625	9.71180419921875	-0.16021728515625	-1.54876708984375	0.25177001953125
2.469	-0.10538085937500001	0.045505371093750004	9.84113525390625	-0.1220703125	-1.5869140625	0.03814697265625
2.479	-0.06466552734375	0.045505371093750004	9.7668896484375	0.12969970703125	-2.1820068359375	0.03814697265625
2.488	-0.15567626953125	0.02155517578125	9.73096435546875	-0.030517578125	-2.3040771484375	0.3204345703125
2.497	0.0383203125	0.09580078125000001	9.877060546875	0.12969970703125	-1.47247314453125	0.091552734375
2.506	0.20357666015625	0.01676513671875	9.6710888671875	-0.28228759765625	-0.152587890625	0.16021728515625
2.515	-0.0047900390625	0.047900390625000004	9.695039062500001	0.08392333984375	1.708984375	0.06103515625
2.524	0.045505371093750004	0.0622705078125	9.73096435546875	-0.06866455078125	0.9307861328125	-0.05340576171875
2.533	-0.21555175781250002	0.06466552734375	9.96328125	0.0	-0.34332275390625	0.09918212890625
2.542	-0.229921875	0.05987548828125	9.8626904296875	-0.1678466796875	-1.44195556640625	-0.091552734375
2.551	0.09340576171875001	0.050295410156250005	9.69743408203125	-0.0762939453125	0.335693359375	0.17547607421875
2.561	0.0718505859375	0.0383203125	9.673483886718751	0.030517578125	1.25885009765625	0.02288818359375
2.569	-0.08861572265625	0.0814306640625	9.723779296875	-0.0457763671875	1.312255859375	-0.02288818359375
2.578	-0.22513183593750002	0.0335302734375	9.9010107421875	0.0152587890625	-0.0762939453125	0.09918212890625
2.587	-0.21555175781250002	0.028740234375	9.915380859375	-0.091552734375	-1.51824951171875	0.0457763671875
2.596	0.0622705078125	0.076640625	9.776469726562501	-0.0762939453125	-0.28228759765625	-0.0457763671875
2.606	0.12693603515625002	0.086220703125	9.709409179687501	-0.0457763671875	1.190185546875	0.06103515625
2.616	-0.46702880859375	-7.597001953125001	8.737031250000001	5.16510009765625	-0.335693359375	-0.1983642578125
2.626	-0.30895751953125	1.916015625	10.413544921875001	4.39453125	7.34710693359375	0.16021728515625
2.636	-0.6849755859375001	2.5530908203125002	10.183623046875	-2.31170654296875	-5.16510009765625	0.1678466796875
2.647	0.62989013671875	0.4263134765625	9.297465820312501	-0.22125244140625	1.60980224609375	-0.030517578125
2.656	0.050295410156250005	-1.16637451171875	9.620793457031251	0.41961669921875	5.18035888671875	-0.05340576171875
2.666	-0.63468017578125	-0.9148974609375	10.061477050781251	0.90789794921875	0.32806396484375	-0.17547607421875
2.676	0.20836669921875	0.15328125	9.71180419921875	-0.6866455078125	-3.2196044921875	-0.14495849609375
2.685	0.46223876953125004	0.59396484375	9.4794873046875	-1.6937255859375	2.6397705078125	-0.40435791015625
2.696	-0.4071533203125	-0.01676513671875	9.96088623046875	-2.4566650390625	-0.274658203125	-0.518798828125
2.706	-0.5867797851562501	-0.42152343750000004	9.99920654296875	-2.79998779296875	-5.39398193359375	-0.5340576171875
2.716	0.4263134765625	-0.15328125	9.426796875	-2.8533935546875	2.288818359375	-0.40435791015625
2.727	-0.5221142578125	-0.34248779296875004	10.126142578125	-2.15911865234375	-2.471923828125	-0.35858154296875
2.737	0.20836669921875	-0.55803955078125	9.6710888671875	0.1678466796875	-1.1749267578125	-0.29754638671875
2.747	0.18920654296875	-0.28021728515625	9.85071533203125	-0.29754638671875	2.98309326171875	-0.49591064453125
2.757	-0.28740234375	-0.42152343750000004	9.781259765625	0.1068115234375	-0.99945068359375	-0.45013427734375
2.766	0.3113525390625	0.40236328125000004	9.52499267578125	0.0	-0.274658203125	-0.5950927734375
2.776	0.3305126953125	0.35206787109375004	9.680668945312501	0.64849853515625	1.30462646484375	-0.46539306640625
2.785	0.0383203125	0.28979736328125	9.702224121093751	-0.32806396484375	1.51824951171875	-0.457763671875
2.795	-0.11256591796875001	-0.143701171875	9.912985839843751	0.19073486328125	1.0833740234375	-0.16021728515625
2.805	-0.38320312500000003	-0.0335302734375	10.19080810546875	-0.0762939453125	-2.9144287109375	-0.2593994140625
2.814	0.124541015625	0.3592529296875	9.704619140625	0.48065185546875	0.79345703125	-0.12969970703125
2.825	-0.086220703125	-0.27303222656250004	9.68306396484375	1.39617919921875	2.75421142578125	-0.17547607421875
2.835	-0.36164794921875004	-0.6179150390625	9.956096191406251	0.64849853515625	-1.678466796875	-0.29754638671875
2.844	0.023950195312500002	0.047900390625000004	9.77407470703125	-0.25177001953125	-0.75531005859375	-0.30517578125
2.854	0.05987548828125	-0.91729248046875	9.501042480468751	-1.64794921875	1.06048583984375	-0.08392333984375
2.865	-0.162861328125	-0.19160156250000002	9.9297509765625	0.00762939453125	-1.12152099609375	-0.29754638671875
2.874	-0.0383203125	0.08861572265625	9.814790039062501	-0.823974609375	-1.04522705078125	0.030517578125
2.883	0.04071533203125	0.19160156250000002	9.860295410156251	-1.62506103515625	0.9918212890625	-0.11444091796875
2.893	-0.28500732421875	0.086220703125	9.87945556640625	-0.579833984375	0.17547607421875	-0.274658203125
2.904	-0.28261230468750004	-0.13651611328125002	10.26744873046875	-0.98419189453125	-1.739501953125	-0.26702880859375
2.913	0.15567626953125	-0.00718505859375	9.13220947265625	0.1373291015625	1.36566162109375	-0.20599365234375
2.923	0.32811767578125	-0.076640625	9.4603271484375	-0.5340576171875	4.00543212890625	-0.1983642578125
2.933	-0.6466552734375001	-0.22273681640625	10.44468017578125	-0.335693359375	-1.57928466796875	-0.3662109375
2.944	0.5053491210937501	-0.5053491210937501	9.501042480468751	1.434326171875	-1.76239013671875	-0.3204345703125
2.954	-0.469423828125	0.30895751953125	10.0063916015625	0.12969970703125	3.7841796875	-0.28228759765625
2.964	-0.8238867187500001	0.4263134765625	10.423125	-0.96893310546875	-5.80596923828125	-0.1068115234375
2.974	0.8957373046875	0.11256591796875001	9.40045166015625	1.30462646484375	2.87628173828125	-0.1373291015625
2.983	-0.85502197265625	-0.5412744140625	10.001601562500001	0.2288818359375	0.5035400390625	0.00762939453125
2.994	-0.871787109375	-0.641865234375	10.0830322265625	0.1678466796875	-5.2032470703125	-0.14495849609375
3.005	0.8286767578125	-0.63947021484375	9.48667236328125	-0.83160400390625	4.9591064453125	-0.1068115234375
3.014	-0.9651928710937501	0.3975732421875	10.53569091796875	-0.64849853515625	-2.31170654296875	0.03814697265625
3.024	-0.1580712890625	0.32572265625	9.956096191406251	-0.00762939453125	-6.95037841796875	0.1983642578125
3.034	1.4513818359375001	-0.55564453125	8.880732421875	0.43487548828125	4.63104248046875	0.12969970703125
3.044	-0.3209326171875	-0.48139892578125004	9.9297509765625	0.08392333984375	10.6964111328125	-0.08392333984375
3.054	-1.1903247070312502	0.45265869140625004	10.40396484375	-0.48828125	-7.38525390625	0.2288818359375
3.064	0.67300048828125	0.19160156250000002	9.263935546875	0.54168701171875	-3.34930419921875	-0.17547607421875
3.074	0.7807763671875	-0.00718505859375	9.426796875	-0.5950927734375	7.59124755859375	0.1983642578125
3.084	-0.9005273437500001	-0.011975097656250001	10.44228515625	-0.84686279296875	0.70953369140625	0.1068115234375
3.094	-1.082548828125	-0.45984375	10.293793945312501	0.51116943359375	-12.15362548828125	-0.3662109375
3.104	0.6466552734375001	0.5316943359375	9.493857421875001	-0.3204345703125	11.077880859375	-0.40435791015625
3.115	-1.23822509765625	0.076640625	10.6578369140625	-0.06103515625	-4.73785400390625	-0.35858154296875
3.125	0.45984375	-0.07424560546875	9.695039062500001	-0.1983642578125	-5.27191162109375	-0.2593994140625
3.135	0.72090087890625	0.67779052734375	9.22801025390625	0.26702880859375	8.39996337890625	-0.43487548828125
3.145	-1.0538085937500001	-0.10538085937500001	10.32492919921875	0.091552734375	-2.7923583984375	-0.152587890625
3.155	0.7879614257812501	-0.5316943359375	9.194479980468751	1.70135498046875	-0.457763671875	-0.18310546875
3.165	0.45265869140625004	-0.9436376953125001	9.41482177734375	0.25177001953125	4.26483154296875	-0.4730224609375
3.175	0.05748046875	0.7616162109375001	9.762099609375001	-0.2593994140625	4.302978515625	-0.61798095703125
3.184	-0.87418212890625	0.0622705078125	10.315349121093751	-0.54168701171875	0.6866455078125	-0.58746337890625
3.195	-0.7616162109375001	-0.026345214843750003	10.030341796875	-0.86212158203125	-7.69805908203125	-0.48828125
3.206	0.40236328125000004	-0.59396484375	9.4986474609375	-0.9613037109375	3.4332275390625	-0.6561279296875
3.216	-0.47181884765625004	0.613125	9.9968115234375	0.091552734375	5.2947998046875	-0.61798095703125
3.226	-0.775986328125	0.30895751953125	10.159672851562501	0.6256103515625	-5.34820556640625	-0.49591064453125
3.236	1.1951147460937501	-1.0202783203125	8.58135498046875	-0.14495849609375	0.93841552734375	-0.5340576171875
3.246	0.20118164062500002	0.25387207031250003	9.7573095703125	0.26702880859375	6.73675537109375	-0.3509521484375
3.256	-0.95082275390625	-0.09340576171875001	10.14290771484375	-0.28228759765625	-4.33349609375	-0.18310546875
3.266	0.9795629882812501	0.5316943359375	9.141789550781251	-0.98419189453125	3.48663330078125	-0.1068115234375
3.276	-0.37122802734375004	-0.162861328125	9.953701171875	0.18310546875	3.50189208984375	-0.31280517578125
3.287	-0.5221142578125	-0.29458740234375	10.01836669921875	0.25177001953125	-0.87738037109375	-0.1373291015625
3.297	0.17962646484375	-0.48139892578125004	9.956096191406251	0.89263916015625	-1.1749267578125	-0.16021728515625
3.306	0.83107177734375	-0.050295410156250005	9.0771240234375	-0.6256103515625	5.79833984375	-0.1373291015625
3.317	-0.35206787109375004	-0.69216064453125	9.65911376953125	-1.35040283203125	-3.01361083984375	-0.37384033203125
3.326	0.10059082031250001	0.871787109375	10.0351318359375	-0.57220458984375	-3.18145751953125	0.0457763671875
3.337	1.0346484375	-0.37362304687500003	8.916657714843751	-0.70953369140625	5.4473876953125	-0.05340576171875
3.347	-0.31374755859375003	-0.7137158203125	10.32971923828125	-1.59454345703125	2.3193359375	0.09918212890625
3.357	-0.5484594726562501	-0.19639160156250002	9.98962646484375	-0.4425048828125	-1.94549560546875	0.06866455078125
3.366	0.63947021484375	0.22752685546875	9.54415283203125	-0.2288818359375	-2.05230712890625	0.17547607421875
3.378	0.7855664062500001	-0.39996826171875	9.043593750000001	-0.8697509765625	8.78143310546875	0.335693359375
3.387	-0.27542724609375	-0.11735595703125	10.106982421875001	-0.51116943359375	-0.1983642578125	0.40435791015625
3.396	0.13651611328125002	-0.51971923828125	9.59923828125	-0.6561279296875	0.19073486328125	0.4425048828125
3.406	1.01788330078125	-0.04071533203125	9.268725585937501	0.1373291015625	7.30133056640625	0.22125244140625
3.417	-0.689765625	-0.15088623046875002	9.934541015625001	-0.31280517578125	8.85772705078125	0.4119873046875
3.427	-0.8622070312500001	0.12214599609375	10.674602050781251	-0.16021728515625	-13.6566162109375	0.48065185546875
3.437	1.8657202148437502	-0.87897216796875	8.325087890625001	-0.77056884765625	11.6729736328125	0.66375732421875
3.447	-1.49209716796875	0.0335302734375	10.811118164062501	-0.2288818359375	-1.54876708984375	-0.37384033203125
3.458	-0.2347119140625	-0.42391845703125003	9.886640625	-0.42724609375	-1.3275146484375	-0.32806396484375
3.467	0.1389111328125	0.47181884765625004	9.560917968750001	-0.1220703125	0.11444091796875	0.30517578125
3.477	-0.16046630859375	0.11735595703125	9.6327685546875	-0.58746337890625	0.6256103515625	-0.091552734375
3.486	-0.28740234375	0.17483642578125	10.221943359375	-2.8839111328125	-1.83868408203125	0.06103515625
3.495	-0.009580078125	-0.47900390625	9.36692138671875	0.1220703125	-3.0517578125	0.00762939453125
3.506	1.52562744140625	0.124541015625	9.01724853515625	-0.91552734375	7.9193115234375	0.38909912109375
3.516	-0.11735595703125	0.9580078125	9.9105908203125	-0.213623046875	8.26263427734375	-0.0457763671875
3.527	-0.20597167968750002	-0.12214599609375	10.21475830078125	-0.77056884765625	-10.91766357421875	1.2359619140625
3.537	-0.045505371093750004	0.45026367187500005	10.135722656250001	-1.36566162109375	-0.87738037109375	-0.25177001953125
3.547	-0.12693603515625002	-0.20597167968750002	10.02315673828125	0.3814697265625	-0.213623046875	0.4730224609375
3.556	0.3879931640625	-0.143701171875	9.733359375000001	0.52642822265625	5.27191162109375	-0.31280517578125
3.567	-1.178349609375	-0.46702880859375	10.6290966796875	-1.62506103515625	-4.29534912109375	0.05340576171875
3.577	-0.27063720703125	0.775986328125	9.97046630859375	-0.244140625	-9.9945068359375	-0.9613037109375
3.588	0.57719970703125	0.01676513671875	9.12741943359375	-1.6021728515625	14.97650146484375	-0.5645751953125
3.598	-0.50055908203125	0.18202148437500001	10.356064453125	-1.64794921875	-0.213623046875	-3.8604736328125
3.609	-0.45026367187500005	1.22625	9.99920654296875	-3.3416748046875	-9.55963134765625	-1.03759765625
3.619	1.02746337890625	0.39996826171875	9.0771240234375	-0.1220703125	8.04901123046875	0.244140625
3.63	-0.14609619140625002	0.8622070312500001	9.86987548828125	-1.1749267578125	3.45611572265625	0.67138671875
3.641	-1.149609375	0.7328759765625	10.585986328125001	-1.42669677734375	-14.404296875	-0.091552734375
3.65	0.99393310546875	1.28373046875	9.52499267578125	0.55694580078125	17.120361328125	0.46539306640625
3.66	-1.1160791015625	-0.316142578125	10.38719970703125	0.335693359375	3.44085693359375	0.5035400390625
3.671	-1.4801220703125	0.23231689453125	11.057805175781251	-0.77056884765625	-15.80047607421875	0.06866455078125
3.681	1.5112573242187501	0.9604028320312501	8.571774902343751	0.16021728515625	8.3465576171875	-0.3509521484375
3.691	-1.6238232421875	0.35685791015625	10.734477539062501	-1.62506103515625	-2.166748046875	-0.41961669921875
3.702	-0.6634204101562501	0.85981201171875	10.487790527343751	-0.6256103515625	-13.22174072265625	-0.08392333984375
3.713	1.1831396484375	0.3113525390625	9.0579638671875	-0.152587890625	18.13507080078125	0.49591064453125
3.722	-1.9806811523437502	0.24668701171875002	11.179951171875	-0.30517578125	-4.5623779296875	0.51116943359375
3.732	-0.01916015625	-0.17004638671875	9.807604980468751	-0.4425048828125	-8.4381103515625	0.55694580078125
3.742	1.6334033203125	-0.28261230468750004	8.708291015625	-0.75531005859375	10.2386474609375	0.25177001953125
3.752	-0.9196875	0.30416748046875003	10.39677978515625	-0.3814697265625	-0.9765625	-0.03814697265625
3.763	0.31853759765625	-0.0335302734375	9.36692138671875	0.31280517578125	-7.63702392578125	0.3204345703125
3.772	0.9627978515625001	0.07903564453125	9.0579638671875	0.8697509765625	3.45611572265625	0.58746337890625
3.782	0.13172607421875002	-0.1772314453125	9.55852294921875	-0.22125244140625	11.138916015625	0.6561279296875
3.792	-1.33402587890625	0.70174072265625	10.69376220703125	-0.5950927734375	-2.09808349609375	1.09100341796875
3.803	0.6514453125	-0.11017089843750001	9.3453662109375	-0.86212158203125	-1.1749267578125	0.732421875
3.813	0.0718505859375	0.15567626953125	9.702224121093751	-1.953125	9.0789794921875	0.7171630859375
3.823	-0.8430468750000001	0.27063720703125	10.315349121093751	-1.1749267578125	-8.94927978515625	0.2288818359375
3.833	0.9580078125	0.27542724609375	9.07951904296875	-1.09100341796875	1.190185546875	0.28228759765625
3.844	0.7232958984375001	0.15088623046875002	9.053173828125	-0.48828125	11.72637939453125	0.58746337890625
3.853	-1.32923583984375	0.0143701171875	10.7248974609375	-0.14495849609375	-2.09808349609375	0.09918212890625
3.863	-0.22752685546875	0.009580078125	9.972861328125001	0.32806396484375	-8.61358642578125	0.26702880859375
3.872	1.37953125	0.16046630859375	8.909472656250001	0.08392333984375	2.95257568359375	0.54931640625
3.881	0.3400927734375	0.3305126953125	9.54415283203125	-0.091552734375	12.939453125	0.19073486328125
3.892	-1.619033203125	0.19639160156250002	10.97637451171875	0.58746337890625	-4.49371337890625	0.0762939453125
3.901	0.0047900390625	0.74964111328125	9.67827392578125	-0.6103515625	-5.60760498046875	-0.2593994140625
3.911	0.71611083984375	0.43110351562500004	9.462722167968751	-0.8087158203125	6.67572021484375	0.48828125
3.92	-0.81191162109375	0.22034179687500002	10.31055908203125	-0.00762939453125	3.11279296875	0.7476806640625
3.932	-0.61552001953125	0.27063720703125	10.0830322265625	-0.5035400390625	-4.150390625	-0.8087158203125
3.941	0.2442919921875	0.5245092773437501	9.49146240234375	-0.213623046875	2.00653076171875	-0.80108642578125
3.951	-0.70892578125	-0.21794677734375	10.24349853515625	-0.37384033203125	-0.640869140625	-0.54168701171875
3.961	-0.28021728515625	0.1197509765625	9.78844482421875	-0.030517578125	-1.22833251953125	-1.19781494140625
3.971	-0.28740234375	0.18920654296875	10.02794677734375	0.396728515625	-0.18310546875	-0.0457763671875
3.981	-0.076640625	-0.143701171875	10.0447119140625	0.9307861328125	0.885009765625	0.67138671875
3.991	0.10298583984375001	0.91250244140625	9.889035644531251	0.1983642578125	1.45721435546875	1.04522705078125
4.0	-0.43349853515625003	-0.14609619140625002	10.1788330078125	0.823974609375	0.48065185546875	0.34332275390625
4.009	-0.31853759765625	0.3784130859375	9.9584912109375	0.34332275390625	-1.25885009765625	0.42724609375
4.02	0.21076171875000002	0.56282958984375	9.560917968750001	-0.67138671875	1.68609619140625	0.18310546875
4.029	-0.0143701171875	-0.03592529296875	9.769284667968751	-0.69427490234375	1.88446044921875	1.12152099609375
4.038	-0.469423828125	0.229921875	10.06626708984375	-0.3662109375	-2.9296875	0.4119873046875
4.048	0.15328125	0.44307861328125003	9.762099609375001	-0.16021728515625	-0.9002685546875	1.12152099609375
4.059	0.17962646484375	0.23710693359375	9.469907226562501	-0.3509521484375	-1.5869140625	0.64849853515625
4.068	-0.21794677734375	-0.316142578125	9.9393310546875	0.2593994140625	1.71661376953125	-0.640869140625
4.078	-0.21315673828125	0.39517822265625	9.9776513671875	-0.63323974609375	-0.19073486328125	1.5106201171875
4.087	0.277822265625	0.775986328125	9.72617431640625	-0.0762939453125	0.98419189453125	-0.67901611328125
4.098	-0.19160156250000002	0.37601806640625	9.96088623046875	0.0762939453125	0.2288818359375	-0.457763671875
4.107	-0.18920654296875	0.5652246093750001	10.061477050781251	0.14495849609375	-1.3580322265625	0.030517578125
4.116	0.143701171875	0.39996826171875	9.515412597656251	-0.14495849609375	-0.3814697265625	-0.00762939453125
4.125	0.0622705078125	0.31374755859375003	9.74533447265625	0.25177001953125	2.47955322265625	-0.091552734375
4.134	-0.11735595703125	0.5652246093750001	9.8626904296875	-0.29754638671875	0.6103515625	-0.02288818359375
4.145	-0.20118164062500002	0.3400927734375	9.95130615234375	-0.457763671875	-2.0904541015625	-0.2288818359375
4.154	0.11256591796875001	0.42391845703125003	9.63037353515625	-0.4425048828125	-0.41961669921875	-0.05340576171875
4.163	0.11017089843750001	0.3065625	9.685458984375	-0.1678466796875	1.16729736328125	0.0457763671875
4.172	-0.047900390625000004	0.045505371093750004	9.838740234375	-0.213623046875	0.67901611328125	0.0152587890625
4.182	-0.28500732421875	0.02155517578125	9.874665527343751	-0.35858154296875	-0.213623046875	0.17547607421875
4.191	-0.239501953125	0.00239501953125	9.881850585937501	-0.2899169921875	-1.3885498046875	-0.0762939453125
4.2	0.10777587890625001	0.011975097656250001	9.74533447265625	-0.1373291015625	0.06866455078125	0.0762939453125
4.209	0.13412109375	0.026345214843750003	9.6902490234375	-0.25177001953125	1.28936767578125	0.091552734375
4.217	-0.07903564453125	0.02155517578125	9.8722705078125	-0.40435791015625	0.7171630859375	-0.030517578125
4.227	-0.10538085937500001	0.00239501953125	9.829160156250001	-0.20599365234375	-0.396728515625	0.11444091796875
4.236	-0.0431103515625	0.052690429687500005	9.81	-0.274658203125	-0.4425048828125	0.06866455078125
4.245	-0.04071533203125	0.00718505859375	9.747729492187501	-0.335693359375	0.16021728515625	0.09918212890625
4.253	-0.12214599609375	-0.01916015625	9.7956298828125	-0.43487548828125	0.0152587890625	0.00762939453125
4.262	-0.11735595703125	0.023950195312500002	9.78844482421875	-0.3814697265625	0.23651123046875	0.16021728515625
4.272	-0.05748046875	-0.028740234375	9.75970458984375	-0.1220703125	0.12969970703125	0.08392333984375
4.281	-0.067060546875	0.0718505859375	9.8626904296875	-0.18310546875	0.40435791015625	-0.1068115234375
4.29	-0.047900390625000004	0.0718505859375	9.8339501953125	-0.091552734375	0.213623046875	-0.2593994140625
4.3	-0.06466552734375	0.055085449218750006	9.7381494140625	-0.274658203125	-0.14495849609375	-0.30517578125
4.31	-0.04071533203125	0.00239501953125	9.86987548828125	-0.396728515625	-0.518798828125	-0.5035400390625
4.32	-0.086220703125	1.2070898437500002	9.9584912109375	-1.41143798828125	-2.1514892578125	-0.54168701171875
4.329	-0.009580078125	0.17483642578125	9.70701416015625	-0.1983642578125	0.57220458984375	-0.45013427734375
4.338	-0.0383203125	0.0047900390625	9.79802490234375	-0.1373291015625	1.0528564453125	0.274658203125
4.347	-0.11256591796875001	0.6753955078125	9.740544433593751	0.31280517578125	1.09100341796875	0.030517578125
4.358	-0.08382568359375	0.65384033203125	9.829160156250001	0.335693359375	0.9918212890625	-0.16021728515625
4.367	-0.09101074218750001	0.21315673828125	9.85071533203125	-0.1220703125	0.8544921875	-0.5950927734375
4.377	-0.052690429687500005	0.5460644531250001	9.77886474609375	-0.5340576171875	-0.46539306640625	-0.4425048828125
4.387	-0.4646337890625	-0.50055908203125	10.03752685546875	-0.52642822265625	-2.2735595703125	-0.95367431640625
4.398	-0.10777587890625001	0.83107177734375	9.627978515625001	-1.09100341796875	-0.60272216796875	-1.10626220703125
4.408	0.07424560546875	-0.09819580078125001	9.60642333984375	0.69427490234375	2.99072265625	-0.40435791015625
4.418	-0.17483642578125	0.65863037109375	9.94412109375	-0.0762939453125	1.4190673828125	-0.41961669921875
4.427	-0.026345214843750003	0.63228515625	9.994416503906251	-0.4730224609375	0.69427490234375	-0.03814697265625
4.436	0.21076171875000002	0.0622705078125	9.709409179687501	0.29754638671875	1.6937255859375	0.60272216796875
4.446	-0.42870849609375	1.28612548828125	9.733359375000001	0.091552734375	1.1749267578125	0.23651123046875
4.456	0.21315673828125	0.8813671875000001	9.560917968750001	-0.12969970703125	0.67138671875	-0.2288818359375
4.465	-0.36643798828125	0.13172607421875002	10.1309326171875	-0.4730224609375	-2.51007080078125	0.11444091796875
4.474	0.296982421875	0.5245092773437501	9.608818359375	0.31280517578125	4.638671875	0.70953369140625
4.484	-0.06466552734375	0.61072998046875	9.9680712890625	0.28228759765625	-0.0457763671875	0.4425048828125
4.493	0.09101074218750001	0.316142578125	9.66869384765625	1.50299072265625	4.78363037109375	0.6561279296875
4.503	-0.49097900390625004	-0.06945556640625	9.76449462890625	0.25177001953125	1.41143798828125	-0.16021728515625
4.512	-0.21076171875000002	0.3113525390625	9.60642333984375	0.87738037109375	3.25775146484375	0.1373291015625
4.523	-0.39517822265625	0.61552001953125	9.72138427734375	0.1068115234375	1.373291015625	-0.52642822265625
4.532	-0.45984375	0.03592529296875	10.23870849609375	-0.02288818359375	-0.86212158203125	-0.49591064453125
4.543	-0.1772314453125	0.5460644531250001	9.74533447265625	-0.91552734375	-0.90789794921875	-0.4730224609375
4.552	-0.009580078125	0.21794677734375	9.874665527343751	1.5869140625	0.75531005859375	-0.3662109375
4.562	-0.12693603515625002	-0.258662109375	9.89861572265625	0.8392333984375	-2.0294189453125	-0.7781982421875
4.573	-0.1484912109375	0.023950195312500002	9.27112060546875	1.800537109375	3.0059814453125	-0.3204345703125
4.583	-0.37601806640625	0.7424560546875001	10.3416943359375	0.8392333984375	-3.3111572265625	-0.89263916015625
4.593	-0.24668701171875002	0.1293310546875	9.47230224609375	-0.45013427734375	-1.5869140625	-1.0833740234375
4.603	-0.028740234375	-0.19639160156250002	10.032736816406251	-0.457763671875	1.28173828125	-0.274658203125
4.614	-0.09340576171875001	0.79275146484375	9.462722167968751	-0.66375732421875	-1.1444091796875	-0.6103515625
4.624	-0.052690429687500005	0.62989013671875	9.941726074218751	-0.579833984375	1.76239013671875	-0.579833984375
4.634	-0.7280859375000001	0.2347119140625	10.0063916015625	0.7781982421875	-2.89154052734375	-0.57220458984375
4.644	-0.55803955078125	0.55803955078125	9.874665527343751	-0.74005126953125	-4.486083984375	-0.67901611328125
4.654	0.229921875	0.622705078125	9.72617431640625	0.8392333984375	-0.54931640625	0.26702880859375
4.663	0.1197509765625	0.1484912109375	9.6902490234375	1.4801025390625	6.8359375	0.43487548828125
4.673	-0.43828857421875	-1.0298583984375	10.039921875000001	1.56402587890625	2.15911865234375	-0.03814697265625
4.682	-0.316142578125	0.09819580078125001	9.620793457031251	-0.0457763671875	3.21197509765625	-0.35858154296875
4.694	-0.3879931640625	1.53520751953125	9.716594238281251	-0.6866455078125	-2.9449462890625	-0.78582763671875
4.703	0.30177246093750004	0.55564453125	9.117839355468751	2.50244140625	5.645751953125	0.6103515625
4.712	0.09340576171875001	-0.050295410156250005	9.9776513671875	0.14495849609375	2.15911865234375	-0.14495849609375
4.722	0.51013916015625	-0.3496728515625	9.90340576171875	1.6326904296875	-2.11334228515625	0.4119873046875
4.732	-0.0622705078125	0.622705078125	10.20517822265625	2.288818359375	1.59454345703125	2.02178955078125
4.743	-0.62989013671875	-0.21555175781250002	10.054291992187501	1.67083740234375	-2.86102294921875	4.69207763671875
4.752	-0.3305126953125	0.09340576171875001	9.59923828125	-0.091552734375	0.152587890625	-0.45013427734375
4.762	-0.06466552734375	-0.75922119140625	9.709409179687501	0.0762939453125	2.5177001953125	-0.3204345703125
4.772	0.55564453125	-0.55324951171875	9.515412597656251	0.7171630859375	2.6092529296875	-0.152587890625
4.783	-0.37362304687500003	-0.011975097656250001	9.9584912109375	-1.251220703125	-2.75421142578125	-0.9918212890625
4.793	0.050295410156250005	-0.8286767578125	10.02315673828125	0.26702880859375	-1.983642578125	-0.12969970703125
4.803	0.1389111328125	-0.44786865234375	9.71180419921875	0.885009765625	-1.60980224609375	0.93841552734375
4.812	-0.25626708984375	-0.32332763671875003	9.71180419921875	-0.3509521484375	0.70953369140625	0.19073486328125
4.823	-0.57719970703125	0.1389111328125	10.0638720703125	-0.09918212890625	3.31878662109375	-0.48828125
4.832	0.06945556640625	-0.5269042968750001	10.04231689453125	0.17547607421875	-0.457763671875	0.31280517578125
4.841	-0.16046630859375	-0.6849755859375001	9.7285693359375	0.72479248046875	-0.14495849609375	0.0
4.851	-0.1676513671875	0.2442919921875	9.96088623046875	-0.1373291015625	-2.84576416015625	0.1373291015625
4.861	-0.143701171875	-0.59396484375	9.742939453125	1.35040283203125	-0.8544921875	0.335693359375
4.871	-0.05987548828125	0.009580078125	9.7668896484375	1.54876708984375	1.76239013671875	-0.0152587890625
4.88	-0.5484594726562501	0.13651611328125002	10.1500927734375	-1.007080078125	-0.74005126953125	0.0
4.89	-0.335302734375	-0.6514453125	9.8914306640625	-0.41961669921875	0.52642822265625	-0.091552734375
4.9	-0.27063720703125	-0.11017089843750001	10.1500927734375	-0.32806396484375	2.14385986328125	0.16021728515625
4.91	0.22752685546875	0.01916015625	9.54415283203125	0.80108642578125	1.800537109375	0.30517578125
4.919	-0.31374755859375003	0.11017089843750001	9.71419921875	0.0152587890625	0.9613037109375	-0.02288818359375
4.928	-0.27063720703125	0.24908203125	9.800419921875001	0.08392333984375	-1.82342529296875	-0.25177001953125
4.938	0.17244140625	-1.22625	10.061477050781251	0.54168701171875	2.52532958984375	-0.34332275390625
4.947	-0.04071533203125	-0.00239501953125	9.86987548828125	0.3509521484375	1.86920166015625	0.02288818359375
4.957	-0.09580078125000001	-0.11735595703125	9.8483203125	-0.2593994140625	-0.61798095703125	-0.1220703125
4.967	0.0622705078125	-0.055085449218750006	9.5657080078125	-0.28228759765625	-0.335693359375	-0.152587890625
4.976	0.01916015625	0.9843530273437501	9.98962646484375	-0.4730224609375	1.15203857421875	-0.1983642578125
4.985	-0.0335302734375	0.335302734375	9.685458984375	1.62506103515625	4.06646728515625	-0.43487548828125
4.997	-0.067060546875	-0.41194335937500004	9.992021484375	3.19671630859375	8.41522216796875	-0.1373291015625
5.006	-0.143701171875	0.469423828125	9.441166992187501	0.41961669921875	-0.41961669921875	-0.28228759765625
5.015	-0.03113525390625	-0.51492919921875	9.972861328125001	0.244140625	2.98309326171875	-0.05340576171875
5.025	-0.16525634765625	0.21076171875000002	9.821975097656251	-0.93841552734375	0.14495849609375	-0.29754638671875
5.035	-0.3688330078125	-0.4550537109375	9.73575439453125	-0.51116943359375	-3.2958984375	0.05340576171875
5.045	-0.21794677734375	-0.00718505859375	9.66390380859375	-1.10626220703125	-4.08935546875	0.03814697265625
5.054	0.052690429687500005	-0.19639160156250002	9.723779296875	2.5787353515625	4.34112548828125	0.0762939453125
5.065	-0.61072998046875	0.6179150390625	9.60163330078125	-1.59454345703125	-3.63922119140625	0.17547607421875
5.074	0.09580078125000001	0.258662109375	10.032736816406251	0.26702880859375	2.3193359375	0.1678466796875
5.084	-0.37601806640625	0.15567626953125	9.76449462890625	0.14495849609375	1.6326904296875	0.26702880859375
5.093	-0.15328125	-0.0383203125	9.84113525390625	0.06103515625	2.0599365234375	0.30517578125
5.102	0.19399658203125	-0.10059082031250001	9.742939453125	0.96893310546875	0.55694580078125	0.244140625
5.111	0.047900390625000004	0.17962646484375	9.716594238281251	-0.79345703125	-1.220703125	0.30517578125
5.122	-0.36164794921875004	0.6634204101562501	9.7956298828125	-1.2054443359375	-1.96075439453125	0.43487548828125
5.132	-0.1580712890625	0.65863037109375	9.82676513671875	-0.335693359375	-2.3193359375	0.335693359375
5.142	0.0718505859375	-0.24668701171875002	9.704619140625	1.07574462890625	2.44140625	0.25177001953125
5.151	-0.10059082031250001	0.38080810546875005	9.8914306640625	0.99945068359375	1.40380859375	0.25177001953125
5.16	-0.1484912109375	0.0143701171875	9.536967773437501	0.3509521484375	3.85284423828125	0.6866455078125
5.17	0.06945556640625	0.2347119140625	10.03752685546875	1.39617919921875	10.47515869140625	0.701904296875
5.18	0.00718505859375	-0.07424560546875	9.8914306640625	1.07574462890625	17.486572265625	0.732421875
5.189	0.03592529296875	0.24908203125	9.934541015625001	0.86212158203125	19.43206787109375	0.81634521484375
5.199	-0.5077441406250001	-0.79275146484375	9.436376953125	0.09918212890625	11.3525390625	0.9613037109375
5.21	-0.258662109375	-0.10777587890625001	9.5848681640625	-0.2593994140625	4.5318603515625	0.8087158203125
5.22	-0.354462890625	0.19399658203125	9.7189892578125	-1.7547607421875	-1.50299072265625	0.335693359375
5.23	-0.5748046875	-0.5460644531250001	9.302255859375	-1.70135498046875	-7.36236572265625	0.244140625
5.24	-0.09340576171875001	0.10538085937500001	9.853110351562501	0.23651123046875	-9.11712646484375	0.02288818359375
5.251	-0.14609619140625002	-0.3113525390625	9.72617431640625	-0.92315673828125	-4.67681884765625	0.32806396484375
5.261	0.10777587890625001	-0.75922119140625	9.8626904296875	1.44195556640625	-4.66156005859375	0.2593994140625
5.27	-0.15088623046875002	0.47660888671875	10.068662109375001	0.213623046875	-0.26702880859375	0.091552734375
5.279	-0.3975732421875	0.229921875	9.81718505859375	-0.23651123046875	1.1444091796875	0.42724609375
5.289	-0.3400927734375	0.6370751953125	9.685458984375	0.12969970703125	-5.16510009765625	0.396728515625
5.299	-0.05748046875	-1.00830322265625	9.723779296875	0.0762939453125	-6.16455078125	0.35858154296875
5.309	-0.37601806640625	-0.10059082031250001	9.81718505859375	0.02288818359375	-7.7362060546875	0.4425048828125
5.319	-0.1676513671875	0.4454736328125	9.88424560546875	-0.49591064453125	-4.84466552734375	0.396728515625
5.328	-0.01916015625	-1.0777587890625	9.65911376953125	-0.03814697265625	-4.1961669921875	0.0762939453125
5.339	0.0431103515625	-0.34248779296875004	9.7381494140625	-0.25177001953125	-0.1068115234375	-0.00762939453125
5.348	0.01916015625	-0.28021728515625	9.86987548828125	-0.06103515625	-1.02996826171875	-0.22125244140625
5.357	-0.03592529296875	-0.55803955078125	9.84113525390625	0.00762939453125	0.08392333984375	0.0457763671875
5.366	-0.10059082031250001	-0.09819580078125001	9.76449462890625	-0.31280517578125	-0.67901611328125	-0.1373291015625
5.377	-0.258662109375	-0.19160156250000002	9.7381494140625	-0.28228759765625	-3.60870361328125	-0.1068115234375
5.388	-0.13412109375	-0.31853759765625	9.78844482421875	-0.2899169921875	-4.9896240234375	-0.32806396484375
5.397	0.316142578125	-0.04071533203125	9.58726318359375	0.61798095703125	-0.5950927734375	-0.030517578125
5.406	-0.22273681640625	0.19160156250000002	9.7573095703125	0.60272216796875	-3.7384033203125	-0.05340576171875
5.415	-0.011975097656250001	0.011975097656250001	9.73096435546875	0.6103515625	-0.41961669921875	0.12969970703125
5.425	0.08861572265625	0.335302734375	9.742939453125	0.43487548828125	2.72369384765625	0.11444091796875
5.433	-0.15088623046875002	0.0431103515625	9.77886474609375	-0.4425048828125	-0.02288818359375	0.0
5.443	-0.06466552734375	-0.4742138671875	9.87945556640625	-1.6632080078125	-0.77056884765625	0.1068115234375
5.452	0.052690429687500005	-0.045505371093750004	9.742939453125	-0.946044921875	1.953125	-0.1373291015625
5.463	-0.124541015625	-0.19160156250000002	9.819580078125	-0.46539306640625	2.05230712890625	0.2899169921875
5.473	-0.19639160156250002	0.36164794921875004	9.81718505859375	-0.213623046875	1.678466796875	0.335693359375
5.482	-0.14130615234375002	0.055085449218750006	9.776469726562501	0.23651123046875	2.23541259765625	0.17547607421875
5.491	-0.24668701171875002	0.19399658203125	9.821975097656251	0.8697509765625	0.02288818359375	0.08392333984375
5.5	-0.30895751953125	0.18920654296875	9.821975097656251	0.7781982421875	-6.06536865234375	-0.1373291015625
5.511	0.06945556640625	0.11735595703125	9.580078125	1.77001953125	-1.54876708984375	-0.091552734375
5.52	-0.07424560546875	0.10298583984375001	9.7668896484375	2.7923583984375	0.6103515625	-0.0762939453125
5.529	0.35206787109375004	0.36164794921875004	9.45314208984375	1.48773193359375	4.49371337890625	0.244140625
5.538	-0.0335302734375	0.028740234375	9.687854003906251	0.6103515625	3.753662109375	0.09918212890625
5.548	-0.3448828125	-0.17962646484375	9.9680712890625	-0.20599365234375	0.54168701171875	0.28228759765625
5.559	-0.28261230468750004	-0.20597167968750002	10.09740234375	-1.5411376953125	-3.0670166015625	0.34332275390625
5.568	0.19639160156250002	0.17004638671875	9.53936279296875	-3.77655029296875	-3.0975341796875	0.08392333984375
5.578	-0.3305126953125	0.009580078125	9.8435302734375	-4.00543212890625	-4.47845458984375	0.2288818359375
5.588	-0.4550537109375	-0.08861572265625	10.02076171875	-0.95367431640625	-3.5552978515625	0.16021728515625
5.598	0.31374755859375003	0.19160156250000002	9.462722167968751	-0.31280517578125	0.457763671875	0.2899169921875
5.607	0.055085449218750006	0.12214599609375	9.5944482421875	0.34332275390625	2.79998779296875	0.35858154296875
5.616	-0.24908203125	-0.61072998046875	9.86987548828125	1.0223388671875	2.38800048828125	0.25177001953125
5.626	-0.28021728515625	-0.028740234375	10.01836669921875	0.77056884765625	-1.16729736328125	0.19073486328125
5.636	0.36404296875000003	-0.08861572265625	9.49625244140625	0.58746337890625	2.54058837890625	0.19073486328125
5.645	-0.0431103515625	-0.19399658203125	9.84113525390625	0.03814697265625	2.78472900390625	0.03814697265625
5.655	-0.67779052734375	-0.08861572265625	10.2075732421875	-0.25177001953125	-2.90679931640625	0.25177001953125
5.664	0.1149609375	0.1389111328125	9.49625244140625	-0.00762939453125	-1.93023681640625	0.25177001953125
5.675	0.1676513671875	-0.22513183593750002	9.589658203125001	-0.7781982421875	1.22833251953125	0.274658203125
5.685	-0.38080810546875005	0.17244140625	9.97525634765625	-0.9613037109375	-2.227783203125	0.16021728515625
5.695	-0.239501953125	-0.38080810546875005	9.877060546875	-1.5411376953125	-4.974365234375	0.06103515625
5.705	0.1389111328125	-0.1676513671875	9.79083984375	-2.2430419921875	-1.80816650390625	0.152587890625
5.714	-0.13412109375	-0.24668701171875002	9.838740234375	-0.5340576171875	-1.54876708984375	-0.0152587890625
5.725	0.19878662109375	0.40236328125000004	9.72617431640625	0.06103515625	1.2969970703125	0.14495849609375
5.733	0.0383203125	0.052690429687500005	9.7189892578125	0.37384033203125	2.2735595703125	0.1373291015625
5.742	-0.1293310546875	0.01916015625	9.78365478515625	0.19073486328125	2.288818359375	0.030517578125
5.75	-0.5029541015625	0.05748046875	10.08542724609375	0.8087158203125	-0.69427490234375	0.16021728515625
5.761	-0.354462890625	-0.15328125	9.89382568359375	0.17547607421875	-3.01361083984375	0.23651123046875
5.77	0.258662109375	-0.01676513671875	9.560917968750001	0.335693359375	1.1444091796875	0.09918212890625
5.779	0.13412109375	-0.44068359375000005	9.51062255859375	-0.4119873046875	2.01416015625	0.1068115234375
5.789	-0.3113525390625	0.20597167968750002	9.972861328125001	-0.60272216796875	-1.06048583984375	0.06103515625
5.798	-0.1580712890625	0.0814306640625	10.015971679687501	-0.7171630859375	-2.70843505859375	0.20599365234375
5.809	0.24189697265625001	-0.05987548828125	9.656718750000001	-0.518798828125	0.84686279296875	0.18310546875
5.818	-0.14609619140625002	-0.17483642578125	9.73096435546875	-0.25177001953125	1.18255615234375	0.19073486328125
5.828	-0.27063720703125	-0.03592529296875	9.94651611328125	-0.244140625	-1.93023681640625	0.09918212890625
5.837	0.21794677734375	-0.258662109375	9.69264404296875	-0.34332275390625	-0.30517578125	0.213623046875
5.847	0.047900390625000004	-0.18202148437500001	9.608818359375	-0.1068115234375	1.93023681640625	-0.030517578125
5.856	-0.3113525390625	-0.09819580078125001	9.93693603515625	-0.1068115234375	0.03814697265625	0.00762939453125
5.866	-0.25626708984375	-0.07903564453125	9.90580078125	0.1373291015625	-1.617431640625	0.20599365234375
5.875	0.1484912109375	0.38559814453125	9.66390380859375	0.54931640625	1.0223388671875	0.23651123046875
5.884	0.0047900390625	0.5676196289062501	9.85071533203125	1.190185546875	3.33404541015625	0.274658203125
5.894	-0.17244140625	-0.22273681640625	9.889035644531251	1.85394287109375	3.42559814453125	0.518798828125
5.903	-0.296982421875	0.047900390625000004	10.01357666015625	2.34222412109375	1.44195556640625	0.3814697265625
5.912	0.08382568359375	0.36164794921875004	9.63755859375	1.47247314453125	1.9683837890625	0.3814697265625
5.921	0.0	0.27542724609375	9.67587890625	0.6256103515625	2.44140625	0.23651123046875
5.931	-0.18441650390625	0.08382568359375	9.88424560546875	-0.08392333984375	0.00762939453125	0.30517578125
5.94	-0.26584716796875	-0.01916015625	9.85071533203125	-0.2593994140625	-2.8533935546875	0.37384033203125
5.949	0.15567626953125	0.0431103515625	9.6902490234375	-0.19073486328125	-0.1373291015625	0.1220703125
5.958	0.27063720703125	0.32572265625	9.673483886718751	-0.28228759765625	2.50244140625	0.30517578125
5.967	-0.25147705078125	-0.258662109375	9.93214599609375	0.06866455078125	1.13677978515625	0.2593994140625
5.978	-0.38080810546875005	0.16046630859375	9.934541015625001	0.6866455078125	-0.43487548828125	0.16021728515625
5.987	-0.0383203125	0.316142578125	9.81239501953125	0.3204345703125	-0.46539306640625	0.2288818359375
5.996	0.06466552734375	-0.229921875	9.69743408203125	0.54931640625	0.78582763671875	0.152587890625
6.005	-0.06466552734375	-0.16046630859375	9.867480468750001	0.25177001953125	0.67138671875	0.1678466796875
6.014	-0.27303222656250004	0.21794677734375	9.79083984375	0.06866455078125	-0.63323974609375	0.274658203125
6.024	-0.258662109375	0.13412109375	9.96088623046875	-0.244140625	-1.4190673828125	0.1068115234375
6.033	0.04071533203125	-0.09580078125000001	9.69264404296875	-0.32806396484375	0.25177001953125	0.1983642578125
6.042	0.0143701171875	0.13412109375	9.6615087890625	0.12969970703125	1.3580322265625	0.16021728515625
6.051	-0.18920654296875	-0.09101074218750001	9.78365478515625	-0.29754638671875	-0.06103515625	0.16021728515625
6.062	-0.143701171875	0.29458740234375	9.8483203125	-0.4425048828125	-1.77764892578125	0.152587890625
6.071	0.009580078125	0.076640625	9.647138671875	-0.49591064453125	-0.28228759765625	0.19073486328125
6.08	-0.08382568359375	0.0143701171875	9.7573095703125	-0.64849853515625	-0.54168701171875	0.274658203125
6.09	-0.0814306640625	0.39038818359375	9.829160156250001	-0.79345703125	-1.373291015625	0.06103515625
6.099	-0.055085449218750006	0.028740234375	9.7381494140625	-0.3204345703125	-0.213623046875	0.2593994140625
6.109	-0.13412109375	0.0335302734375	9.81718505859375	0.3662109375	1.16729736328125	0.26702880859375
6.117	-0.01916015625	-0.39038818359375	9.86508544921875	0.31280517578125	1.60980224609375	0.35858154296875
6.127	-0.09580078125000001	0.07424560546875	9.7716796875	0.06866455078125	1.2664794921875	0.14495849609375
6.136	-0.13412109375	-0.26345214843750003	9.73096435546875	0.09918212890625	0.89263916015625	0.1678466796875
6.146	-0.06945556640625	0.09340576171875001	9.77407470703125	0.1068115234375	0.28228759765625	0.2899169921875
6.155	-0.086220703125	0.42391845703125003	9.781259765625	-0.05340576171875	0.4119873046875	0.1068115234375
6.164	-0.2347119140625	0.11017089843750001	9.81239501953125	0.08392333984375	-0.09918212890625	0.0762939453125
6.173	-0.10059082031250001	-0.25387207031250003	9.83155517578125	-0.43487548828125	-1.3885498046875	0.03814697265625
6.183	-0.08861572265625	0.7999365234375	9.742939453125	-0.35858154296875	-1.41143798828125	0.244140625
6.193	-0.0383203125	0.3592529296875	9.68306396484375	-0.1983642578125	-1.15966796875	0.0457763671875
6.203	-0.076640625	-0.36643798828125	9.66869384765625	0.18310546875	1.46484375	0.19073486328125
6.212	-0.06945556640625	-0.143701171875	9.83155517578125	0.16021728515625	3.62396240234375	0.030517578125
6.221	-0.20357666015625	-0.04071533203125	9.9010107421875	0.05340576171875	2.166748046875	0.0457763671875
6.231	-0.1772314453125	-0.06945556640625	9.84113525390625	-0.274658203125	0.67901611328125	0.0762939453125
6.24	-0.1389111328125	-0.3975732421875	9.860295410156251	-0.7171630859375	0.030517578125	0.0
6.249	-0.11256591796875001	-0.03592529296875	9.78365478515625	-0.51116943359375	-1.15966796875	0.06103515625
6.259	-0.06945556640625	0.076640625	9.896220703125001	-0.35858154296875	-1.31988525390625	0.2288818359375
6.268	-0.0335302734375	0.0622705078125	9.81718505859375	0.1220703125	0.5340576171875	-0.0152587890625
6.278	-0.07424560546875	0.10059082031250001	9.7956298828125	0.02288818359375	0.823974609375	-0.05340576171875
6.286	-0.12214599609375	0.10777587890625001	9.83155517578125	0.06103515625	0.66375732421875	-0.1373291015625
6.296	-0.14130615234375002	0.1197509765625	9.85071533203125	-0.28228759765625	-0.1068115234375	-0.12969970703125
6.306	-0.16525634765625	0.076640625	9.74533447265625	-0.213623046875	-1.28173828125	-0.11444091796875
6.317	-0.12693603515625002	0.076640625	9.838740234375	-0.29754638671875	-1.19781494140625	-0.1220703125
6.326	-0.11017089843750001	0.09101074218750001	9.7381494140625	-0.32806396484375	0.49591064453125	-0.091552734375
6.335	-0.13172607421875002	0.076640625	9.78844482421875	-0.42724609375	1.12152099609375	-0.0457763671875
6.345	-0.11017089843750001	0.11256591796875001	9.716594238281251	-0.2593994140625	1.312255859375	-0.19073486328125
6.354	-0.09340576171875001	0.09580078125000001	9.877060546875	-0.06103515625	0.4425048828125	-0.02288818359375
6.364	-0.14130615234375002	0.15328125	9.72617431640625	-0.457763671875	-0.38909912109375	-0.030517578125
6.374	-0.076640625	0.15328125	9.781259765625	-0.4119873046875	-0.1068115234375	0.06866455078125
6.383	-0.13651611328125002	0.1149609375	9.86987548828125	-0.4730224609375	0.61798095703125	-0.030517578125
6.393	-0.5508544921875	0.13172607421875002	9.71180419921875	-3.143310546875	-5.5999755859375	-0.1678466796875
6.403	-0.10538085937500001	0.076640625	9.79802490234375	-0.05340576171875	-0.5950927734375	-0.05340576171875
6.413	-0.124541015625	0.09819580078125001	9.819580078125	-0.274658203125	1.03759765625	-0.1220703125
6.422	-0.09580078125000001	0.07903564453125	9.74533447265625	-0.06103515625	1.495361328125	0.0457763671875
6.431	-0.067060546875	0.09101074218750001	9.747729492187501	-0.26702880859375	2.22015380859375	-0.08392333984375
6.441	-0.10777587890625001	0.09340576171875001	9.853110351562501	-0.335693359375	1.50299072265625	-0.02288818359375
6.451	-0.13651611328125002	0.08382568359375	9.8243701171875	-0.16021728515625	0.92315673828125	-0.1373291015625
6.46	-0.04071533203125	0.13172607421875002	9.85550537109375	-0.152587890625	0.3662109375	-0.32806396484375
6.47	-0.08382568359375	0.11735595703125	9.867480468750001	-0.20599365234375	-0.22125244140625	-0.2899169921875
6.48	-0.11256591796875001	0.1197509765625	9.77886474609375	-0.244140625	-0.87738037109375	-0.19073486328125
6.49	-0.09580078125000001	0.09819580078125001	9.81718505859375	-0.274658203125	-1.15966796875	0.030517578125
6.499	-0.10777587890625001	0.10059082031250001	9.886640625	-0.14495849609375	-0.05340576171875	0.18310546875
6.509	-0.10298583984375001	0.086220703125	9.70701416015625	-0.274658203125	1.1749267578125	-0.0457763671875
6.519	-0.067060546875	0.17004638671875	9.78844482421875	-0.25177001953125	1.71661376953125	-0.1373291015625
6.529	-0.0335302734375	0.086220703125	9.769284667968751	-0.28228759765625	2.89154052734375	-0.091552734375
6.539	-0.11017089843750001	0.067060546875	9.80281494140625	-0.26702880859375	3.35693359375	-0.091552734375
6.548	-0.10298583984375001	0.0718505859375	9.79802490234375	-0.42724609375	3.02886962890625	-0.08392333984375
6.558	-0.1676513671875	0.07903564453125	9.838740234375	-0.28228759765625	0.98419189453125	-0.1068115234375
6.567	-0.22273681640625	0.06945556640625	9.86987548828125	-0.29754638671875	0.1068115234375	-0.18310546875
6.578	-0.1293310546875	0.07903564453125	9.9010107421875	-0.17547607421875	-0.99945068359375	-0.030517578125
6.588	-0.16046630859375	0.11017089843750001	9.80281494140625	-0.4119873046875	-0.92315673828125	-0.03814697265625
6.597	-0.09340576171875001	0.11256591796875001	9.80281494140625	-0.2288818359375	-0.3662109375	0.030517578125
6.606	-0.13172607421875002	0.076640625	9.8243701171875	-0.03814697265625	-0.23651123046875	0.06866455078125
6.616	-0.05987548828125	0.05748046875	9.716594238281251	-0.14495849609375	0.6103515625	0.0762939453125
6.625	-0.10538085937500001	0.055085449218750006	9.838740234375	-0.18310546875	1.24359130859375	-0.02288818359375
6.634	-0.09101074218750001	0.10298583984375001	9.733359375000001	-0.0152587890625	2.2735595703125	-0.14495849609375
6.643	-0.21794677734375	0.10538085937500001	9.80281494140625	0.16021728515625	2.4566650390625	-0.213623046875
6.653	-0.16525634765625	0.1149609375	9.90819580078125	-0.274658203125	0.86212158203125	0.0152587890625
6.663	-0.17244140625	0.10777587890625001	9.857900390625	-0.152587890625	-0.244140625	0.0457763671875
6.672	-0.17244140625	0.1484912109375	9.742939453125	-0.17547607421875	-0.8544921875	0.0152587890625
6.682	-0.12214599609375	0.086220703125	9.84592529296875	-0.19073486328125	-1.40380859375	-0.1220703125
6.691	-0.15567626953125	0.050295410156250005	9.754914550781251	-0.16021728515625	-0.74005126953125	0.08392333984375
6.701	-0.11735595703125	0.09101074218750001	9.82676513671875	-0.08392333984375	0.152587890625	-0.06103515625
6.71	-0.10777587890625001	0.10777587890625001	9.83155517578125	-0.02288818359375	0.75531005859375	-0.02288818359375
6.719	-0.05987548828125	0.0718505859375	9.81	-0.11444091796875	1.5716552734375	0.030517578125
6.728	-0.10538085937500001	0.052690429687500005	9.7381494140625	0.091552734375	1.73187255859375	0.0457763671875
6.737	-0.13172607421875002	0.04071533203125	9.8722705078125	0.0762939453125	0.99945068359375	0.18310546875
6.747	-0.18441650390625	0.086220703125	9.78844482421875	0.1373291015625	-0.1373291015625	0.16021728515625
6.756	-0.488583984375	0.086220703125	9.754914550781251	-0.25177001953125	-1.02996826171875	0.03814697265625
6.765	-0.047900390625000004	0.08861572265625	9.781259765625	0.02288818359375	0.89263916015625	-0.1068115234375
6.775	-0.21794677734375	0.10298583984375001	9.819580078125	-0.0457763671875	1.007080078125	-0.17547607421875
6.785	-0.13651611328125002	0.067060546875	9.819580078125	-0.11444091796875	0.87738037109375	-0.030517578125
6.794	-0.09340576171875001	0.05748046875	9.807604980468751	0.030517578125	1.3427734375	0.1220703125
6.803	-0.124541015625	0.09101074218750001	9.754914550781251	-0.05340576171875	0.6256103515625	-0.06866455078125
6.812	-0.16046630859375	0.10777587890625001	9.76449462890625	-0.3204345703125	0.41961669921875	0.1373291015625
6.821	-0.20836669921875	0.10777587890625001	9.68306396484375	-0.3662109375	0.3814697265625	0.03814697265625
6.831	-0.1772314453125	0.023950195312500002	9.762099609375001	-0.12969970703125	0.1220703125	-0.16021728515625
6.84	-0.13172607421875002	0.10777587890625001	9.77886474609375	-0.23651123046875	-0.152587890625	-0.12969970703125
6.849	-0.162861328125	0.07424560546875	9.73096435546875	-0.1068115234375	0.51116943359375	-0.0457763671875
6.859	-0.14609619140625002	0.1484912109375	9.7716796875	0.0457763671875	0.99945068359375	0.0
6.867	-0.16046630859375	0.11017089843750001	9.78844482421875	0.03814697265625	1.27410888671875	-0.02288818359375
6.877	-0.10298583984375001	0.08382568359375	9.83155517578125	-0.1373291015625	1.54876708984375	0.0152587890625
6.887	-0.143701171875	0.15088623046875002	9.8243701171875	-0.3662109375	1.36566162109375	-0.05340576171875
6.896	-0.10298583984375001	0.09101074218750001	9.886640625	0.29754638671875	1.65557861328125	-0.02288818359375
6.905	-0.21315673828125	0.17483642578125	9.5561279296875	-0.69427490234375	1.47247314453125	-0.2288818359375
6.916	-0.22513183593750002	-0.10538085937500001	10.09500732421875	-0.8544921875	-0.38909912109375	-0.29754638671875
6.926	0.09819580078125001	0.08382568359375	9.972861328125001	0.32806396484375	1.12152099609375	0.18310546875
6.934	0.03113525390625	-0.00718505859375	9.9393310546875	-0.26702880859375	-2.0751953125	-0.06103515625
6.944	-0.20597167968750002	0.026345214843750003	9.920170898437501	-0.31280517578125	-1.41143798828125	-0.1373291015625
6.955	-0.21794677734375	0.1389111328125	9.79802490234375	-0.17547607421875	-0.93841552734375	-0.1373291015625
6.964	-0.17244140625	0.07424560546875	9.716594238281251	0.3814697265625	-0.63323974609375	-0.1678466796875
6.974	-0.12214599609375	0.18202148437500001	9.67587890625	-0.213623046875	-0.00762939453125	-0.0152587890625
6.983	-0.13412109375	0.09340576171875001	9.781259765625	-0.2593994140625	0.43487548828125	-0.17547607421875
6.992	-0.15328125	0.055085449218750006	9.77886474609375	-0.335693359375	0.98419189453125	-0.11444091796875
7.003	-0.13412109375	0.10538085937500001	9.7860498046875	-0.0457763671875	1.60980224609375	-0.091552734375
7.012	-0.22752685546875	0.12214599609375	9.8435302734375	-0.1678466796875	1.1444091796875	-0.1068115234375
7.022	-0.25626708984375	0.0718505859375	9.742939453125	-0.2288818359375	0.9613037109375	-0.23651123046875
7.031	-0.15567626953125	0.10059082031250001	9.88424560546875	-0.06866455078125	-0.16021728515625	-0.05340576171875
7.042	-0.21555175781250002	0.09819580078125001	9.89382568359375	0.02288818359375	-0.80108642578125	-0.14495849609375
7.051	-0.08861572265625	0.12214599609375	9.81239501953125	0.0762939453125	-0.8087158203125	-0.20599365234375
7.061	-0.13412109375	0.09580078125000001	9.75251953125	-0.4425048828125	-0.12969970703125	0.1220703125
7.07	-0.09101074218750001	0.06945556640625	9.7285693359375	-0.5340576171875	0.42724609375	-0.03814697265625
7.079	-0.13651611328125002	0.10538085937500001	9.76449462890625	-0.30517578125	0.45013427734375	0.0457763671875
7.089	-0.26105712890625	0.11256591796875001	9.762099609375001	-0.58746337890625	0.42724609375	-0.030517578125
7.098	-0.13172607421875002	0.06945556640625	9.75970458984375	-0.0457763671875	0.51116943359375	-0.0457763671875
7.107	-0.19878662109375	0.10777587890625001	9.836345214843751	-0.22125244140625	0.213623046875	0.0152587890625
7.116	-0.1772314453125	0.11256591796875001	9.82676513671875	-0.34332275390625	-0.05340576171875	-0.12969970703125
7.126	-0.162861328125	0.10538085937500001	9.82676513671875	0.0	0.0	-0.14495849609375
7.135	-0.17962646484375	0.00718505859375	9.857900390625	-0.335693359375	0.06103515625	-0.1220703125
7.144	-0.15567626953125	0.10298583984375001	9.7860498046875	-0.2899169921875	0.25177001953125	-0.1983642578125
7.153	-0.13651611328125002	0.10059082031250001	9.7573095703125	-0.31280517578125	0.579833984375	-0.1373291015625
7.163	1.9806811523437502	0.02155517578125	9.3070458984375	3.83758544921875	9.0484619140625	0.86212158203125
7.174	-0.5652246093750001	0.36164794921875004	9.5417578125	-0.1220703125	1.0223388671875	-0.09918212890625
7.183	-0.26584716796875	0.04071533203125	9.8626904296875	-0.03814697265625	0.00762939453125	-0.2593994140625
7.192	-0.1676513671875	0.067060546875	9.867480468750001	-0.1373291015625	0.48828125	-0.1068115234375
7.201	-0.1772314453125	0.09580078125000001	9.7860498046875	-0.17547607421875	0.74005126953125	-0.1983642578125
7.212	-0.18920654296875	0.10777587890625001	9.77407470703125	-0.23651123046875	0.87738037109375	-0.26702880859375
7.221	-0.19878662109375	0.0814306640625	9.704619140625	-0.29754638671875	1.1444091796875	-0.06866455078125
7.23	-0.14130615234375002	0.086220703125	9.886640625	-0.457763671875	0.732421875	-0.16021728515625
7.24	-0.24189697265625001	0.09580078125000001	9.77407470703125	-0.0457763671875	0.11444091796875	-0.02288818359375
7.249	-0.20836669921875	0.0814306640625	9.69743408203125	-0.2899169921875	0.1373291015625	-0.0762939453125
7.259	-0.2347119140625	0.12693603515625002	9.733359375000001	-0.1983642578125	-0.26702880859375	0.06866455078125
7.268	-0.15567626953125	0.06466552734375	9.7956298828125	-0.2593994140625	-0.6256103515625	-0.05340576171875
7.278	-0.1197509765625	0.1293310546875	9.84113525390625	-0.19073486328125	-0.152587890625	-0.20599365234375
7.287	-0.15567626953125	0.076640625	9.793234863281251	-0.26702880859375	0.3509521484375	0.03814697265625
7.297	-0.29458740234375	0.124541015625	9.78844482421875	-0.22125244140625	0.579833984375	-0.31280517578125
7.306	-0.18202148437500001	0.0431103515625	9.69264404296875	-0.213623046875	0.41961669921875	-0.152587890625
7.316	-0.09819580078125001	0.09101074218750001	9.80281494140625	-0.19073486328125	0.75531005859375	-0.09918212890625
7.325	-0.2442919921875	0.0718505859375	9.80281494140625	-0.22125244140625	0.19073486328125	-0.34332275390625
7.335	-0.07424560546875	0.18441650390625	9.7189892578125	-0.38909912109375	0.40435791015625	-0.1220703125
7.345	-0.1772314453125	0.11256591796875001	9.747729492187501	-0.17547607421875	2.227783203125	-0.1220703125
7.355	-0.22513183593750002	0.03113525390625	9.83155517578125	-0.38909912109375	0.93841552734375	-0.213623046875
7.364	-0.09580078125000001	0.3065625	9.9776513671875	-0.25177001953125	0.5645751953125	-0.20599365234375
7.373	-0.28740234375	0.08861572265625	9.79083984375	0.0	-0.22125244140625	-0.274658203125
7.383	-0.15567626953125	0.05987548828125	9.88424560546875	-0.02288818359375	-0.3509521484375	-0.16021728515625
7.393	-0.17962646484375	0.01676513671875	9.867480468750001	-0.1373291015625	-0.6561279296875	-0.0762939453125
7.403	-0.18202148437500001	0.08861572265625	9.7956298828125	-0.18310546875	-0.31280517578125	-0.2288818359375
7.412	-0.23231689453125	0.10059082031250001	9.77407470703125	-0.213623046875	-0.61798095703125	-0.03814697265625
7.421	-0.13172607421875002	0.12214599609375	9.762099609375001	-0.20599365234375	0.00762939453125	-0.1373291015625
7.431	-0.13412109375	0.124541015625	9.776469726562501	-0.11444091796875	0.61798095703125	0.16021728515625
7.441	-0.258662109375	0.055085449218750006	9.881850585937501	-0.30517578125	0.86212158203125	-0.1373291015625
7.45	-0.20597167968750002	0.0431103515625	9.7716796875	-0.32806396484375	0.78582763671875	-0.1983642578125
7.459	-0.16046630859375	0.11735595703125	9.821975097656251	-0.091552734375	0.6866455078125	-0.2593994140625
7.47	-0.24668701171875002	0.08861572265625	9.838740234375	-0.00762939453125	-0.2593994140625	-0.16021728515625
7.479	-0.25626708984375	0.067060546875	9.781259765625	-0.1068115234375	-1.190185546875	0.03814697265625
